"","time","x1","x2","iter","alg","tune","run"
"1",NA,NA,NA,1,"RS",TRUE,1
"2",NA,NA,NA,2,"RS",TRUE,1
"3",NA,NA,NA,3,"RS",TRUE,1
"4",NA,NA,NA,4,"RS",TRUE,1
"5",NA,NA,NA,5,"RS",TRUE,1
"6",NA,NA,NA,6,"RS",TRUE,1
"7",NA,NA,NA,7,"RS",TRUE,1
"8",0.00168204307556152,0.857958004977985,-0.895085045751555,8,"RS",TRUE,1
"9",NA,NA,NA,9,"RS",TRUE,1
"10",0.00216364860534668,1.06380456864493,-0.727801073131945,10,"RS",TRUE,1
"11",NA,NA,NA,11,"RS",TRUE,1
"12",NA,NA,NA,12,"RS",TRUE,1
"13",NA,NA,NA,13,"RS",TRUE,1
"14",NA,NA,NA,14,"RS",TRUE,1
"15",0.00326895713806152,0.556498011385199,-1.22955035343243,15,"RS",TRUE,1
"16",NA,NA,NA,16,"RS",TRUE,1
"17",NA,NA,NA,17,"RS",TRUE,1
"18",NA,NA,NA,18,"RS",TRUE,1
"19",NA,NA,NA,19,"RS",TRUE,1
"20",NA,NA,NA,20,"RS",TRUE,1
"21",NA,NA,NA,21,"RS",TRUE,1
"22",NA,NA,NA,22,"RS",TRUE,1
"23",NA,NA,NA,23,"RS",TRUE,1
"24",NA,NA,NA,24,"RS",TRUE,1
"25",NA,NA,NA,25,"RS",TRUE,1
"26",NA,NA,NA,26,"RS",TRUE,1
"27",NA,NA,NA,27,"RS",TRUE,1
"28",NA,NA,NA,28,"RS",TRUE,1
"29",NA,NA,NA,29,"RS",TRUE,1
"30",NA,NA,NA,30,"RS",TRUE,1
"31",NA,NA,NA,31,"RS",TRUE,1
"32",NA,NA,NA,32,"RS",TRUE,1
"33",NA,NA,NA,33,"RS",TRUE,1
"34",NA,NA,NA,34,"RS",TRUE,1
"35",NA,NA,NA,35,"RS",TRUE,1
"36",0.00768208503723145,1.55305014327325,-0.818990058907041,36,"RS",TRUE,1
"37",NA,NA,NA,37,"RS",TRUE,1
"38",NA,NA,NA,38,"RS",TRUE,1
"39",0.00837850570678711,0.907147670211807,-0.530414090374744,39,"RS",TRUE,1
"40",NA,NA,NA,40,"RS",TRUE,1
"41",NA,NA,NA,41,"RS",TRUE,1
"42",NA,NA,NA,42,"RS",TRUE,1
"43",0.00927352905273438,1.29638890091945,-0.0102593571900206,43,"RS",TRUE,1
"44",NA,NA,NA,44,"RS",TRUE,1
"45",NA,NA,NA,45,"RS",TRUE,1
"46",NA,NA,NA,46,"RS",TRUE,1
"47",NA,NA,NA,47,"RS",TRUE,1
"48",NA,NA,NA,48,"RS",TRUE,1
"49",NA,NA,NA,49,"RS",TRUE,1
"50",NA,NA,NA,50,"RS",TRUE,1
"51",NA,NA,NA,51,"RS",TRUE,1
"52",NA,NA,NA,52,"RS",TRUE,1
"53",NA,NA,NA,53,"RS",TRUE,1
"54",NA,NA,NA,54,"RS",TRUE,1
"55",NA,NA,NA,55,"RS",TRUE,1
"56",NA,NA,NA,56,"RS",TRUE,1
"57",NA,NA,NA,57,"RS",TRUE,1
"58",NA,NA,NA,58,"RS",TRUE,1
"59",NA,NA,NA,59,"RS",TRUE,1
"60",0.012880802154541,0.931243596298994,0.00473627587029148,60,"RS",TRUE,1
"61",NA,NA,NA,61,"RS",TRUE,1
"62",NA,NA,NA,62,"RS",TRUE,1
"63",NA,NA,NA,63,"RS",TRUE,1
"64",NA,NA,NA,64,"RS",TRUE,1
"65",NA,NA,NA,65,"RS",TRUE,1
"66",NA,NA,NA,66,"RS",TRUE,1
"67",NA,NA,NA,67,"RS",TRUE,1
"68",NA,NA,NA,68,"RS",TRUE,1
"69",NA,NA,NA,69,"RS",TRUE,1
"70",0.0150232315063477,1.20219822741537,-0.589637905654735,70,"RS",TRUE,1
"71",NA,NA,NA,71,"RS",TRUE,1
"72",0.0155317783355713,2.02889023478992,-0.438353558157579,72,"RS",TRUE,1
"73",NA,NA,NA,73,"RS",TRUE,1
"74",NA,NA,NA,74,"RS",TRUE,1
"75",0.0162215232849121,0.984499433647903,-1.32726396491143,75,"RS",TRUE,1
"76",NA,NA,NA,76,"RS",TRUE,1
"77",NA,NA,NA,77,"RS",TRUE,1
"78",NA,NA,NA,78,"RS",TRUE,1
"79",NA,NA,NA,79,"RS",TRUE,1
"80",NA,NA,NA,80,"RS",TRUE,1
"81",NA,NA,NA,81,"RS",TRUE,1
"82",NA,NA,NA,82,"RS",TRUE,1
"83",0.0179433822631836,0.800655029421125,-1.23313563955001,83,"RS",TRUE,1
"84",NA,NA,NA,84,"RS",TRUE,1
"85",0.0184187889099121,1.28330027201227,0.126784661061177,85,"RS",TRUE,1
"86",NA,NA,NA,86,"RS",TRUE,1
"87",NA,NA,NA,87,"RS",TRUE,1
"88",NA,NA,NA,88,"RS",TRUE,1
"89",NA,NA,NA,89,"RS",TRUE,1
"90",NA,NA,NA,90,"RS",TRUE,1
"91",0.0197546482086182,1.24713629940081,0.132800107978334,91,"RS",TRUE,1
"92",NA,NA,NA,92,"RS",TRUE,1
"93",NA,NA,NA,93,"RS",TRUE,1
"94",NA,NA,NA,94,"RS",TRUE,1
"95",NA,NA,NA,95,"RS",TRUE,1
"96",NA,NA,NA,96,"RS",TRUE,1
"97",NA,NA,NA,97,"RS",TRUE,1
"98",NA,NA,NA,98,"RS",TRUE,1
"99",NA,NA,NA,99,"RS",TRUE,1
"100",NA,NA,NA,100,"RS",TRUE,1
"101",NA,NA,NA,101,"RS",TRUE,1
"102",NA,NA,NA,102,"RS",TRUE,1
"103",NA,NA,NA,103,"RS",TRUE,1
"104",NA,NA,NA,104,"RS",TRUE,1
"105",0.0227606296539307,1.08459518179163,0.122574698931694,105,"RS",TRUE,1
"106",NA,NA,NA,106,"RS",TRUE,1
"107",NA,NA,NA,107,"RS",TRUE,1
"108",NA,NA,NA,108,"RS",TRUE,1
"109",NA,NA,NA,109,"RS",TRUE,1
"110",NA,NA,NA,110,"RS",TRUE,1
"111",0.0240890979766846,0.929523537239358,-1.50644139206065,111,"RS",TRUE,1
"112",NA,NA,NA,112,"RS",TRUE,1
"113",0.0245726108551025,1.24152453996468,0.147544469601372,113,"RS",TRUE,1
"114",NA,NA,NA,114,"RS",TRUE,1
"115",0.0250608921051025,2.12076910018982,-0.962822868072983,115,"RS",TRUE,1
"116",NA,NA,NA,116,"RS",TRUE,1
"117",NA,NA,NA,117,"RS",TRUE,1
"118",NA,NA,NA,118,"RS",TRUE,1
"119",NA,NA,NA,119,"RS",TRUE,1
"120",0.0261719226837158,0.709188688180889,0.206350583053442,120,"RS",TRUE,1
"121",NA,NA,NA,121,"RS",TRUE,1
"122",NA,NA,NA,122,"RS",TRUE,1
"123",NA,NA,NA,123,"RS",TRUE,1
"124",NA,NA,NA,124,"RS",TRUE,1
"125",NA,NA,NA,125,"RS",TRUE,1
"126",0.0275137424468994,1.1827664035596,-1.13204849826146,126,"RS",TRUE,1
"127",0.0277926921844482,1.99692230113245,-1.69353863927125,127,"RS",TRUE,1
"128",NA,NA,NA,128,"RS",TRUE,1
"129",0.0282630920410156,0.84282892627145,-0.667602188138933,129,"RS",TRUE,1
"130",0.0285322666168213,1.011794251502,-0.0566057521181558,130,"RS",TRUE,1
"131",NA,NA,NA,131,"RS",TRUE,1
"132",NA,NA,NA,132,"RS",TRUE,1
"133",NA,NA,NA,133,"RS",TRUE,1
"134",0.0294303894042969,1.55399504897264,-1.12525940618434,134,"RS",TRUE,1
"135",0.0297060012817383,1.89828740321246,-1.24725032744369,135,"RS",TRUE,1
"136",NA,NA,NA,136,"RS",TRUE,1
"137",0.0301780700683594,1.21303914736795,-0.0432781618327923,137,"RS",TRUE,1
"138",NA,NA,NA,138,"RS",TRUE,1
"139",NA,NA,NA,139,"RS",TRUE,1
"140",NA,NA,NA,140,"RS",TRUE,1
"141",NA,NA,NA,141,"RS",TRUE,1
"142",0.03127121925354,1.07757686441581,-0.58643322753275,142,"RS",TRUE,1
"143",NA,NA,NA,143,"RS",TRUE,1
"144",NA,NA,NA,144,"RS",TRUE,1
"145",NA,NA,NA,145,"RS",TRUE,1
"146",NA,NA,NA,146,"RS",TRUE,1
"147",NA,NA,NA,147,"RS",TRUE,1
"148",NA,NA,NA,148,"RS",TRUE,1
"149",NA,NA,NA,149,"RS",TRUE,1
"150",0.033010721206665,1.24083123830683,-0.200228108611227,150,"RS",TRUE,1
"151",NA,NA,NA,151,"RS",TRUE,1
"152",NA,NA,NA,152,"RS",TRUE,1
"153",NA,NA,NA,153,"RS",TRUE,1
"154",NA,NA,NA,154,"RS",TRUE,1
"155",NA,NA,NA,155,"RS",TRUE,1
"156",NA,NA,NA,156,"RS",TRUE,1
"157",NA,NA,NA,157,"RS",TRUE,1
"158",NA,NA,NA,158,"RS",TRUE,1
"159",NA,NA,NA,159,"RS",TRUE,1
"160",NA,NA,NA,160,"RS",TRUE,1
"161",NA,NA,NA,161,"RS",TRUE,1
"162",0.0355651378631592,0.765045551217241,-1.28637254704915,162,"RS",TRUE,1
"163",NA,NA,NA,163,"RS",TRUE,1
"164",NA,NA,NA,164,"RS",TRUE,1
"165",NA,NA,NA,165,"RS",TRUE,1
"166",NA,NA,NA,166,"RS",TRUE,1
"167",NA,NA,NA,167,"RS",TRUE,1
"168",0.0368654727935791,1.7995838613771,-1.32028038467138,168,"RS",TRUE,1
"169",NA,NA,NA,169,"RS",TRUE,1
"170",NA,NA,NA,170,"RS",TRUE,1
"171",0.0375533103942871,0.815848692726974,-0.363334709877052,171,"RS",TRUE,1
"172",NA,NA,NA,172,"RS",TRUE,1
"173",NA,NA,NA,173,"RS",TRUE,1
"174",0.0382330417633057,1.42174225643808,0.141546192407781,174,"RS",TRUE,1
"175",NA,NA,NA,175,"RS",TRUE,1
"176",NA,NA,NA,176,"RS",TRUE,1
"177",NA,NA,NA,177,"RS",TRUE,1
"178",NA,NA,NA,178,"RS",TRUE,1
"179",NA,NA,NA,179,"RS",TRUE,1
"180",NA,NA,NA,180,"RS",TRUE,1
"181",NA,NA,NA,181,"RS",TRUE,1
"182",NA,NA,NA,182,"RS",TRUE,1
"183",NA,NA,NA,183,"RS",TRUE,1
"184",NA,NA,NA,184,"RS",TRUE,1
"185",NA,NA,NA,185,"RS",TRUE,1
"186",NA,NA,NA,186,"RS",TRUE,1
"187",NA,NA,NA,187,"RS",TRUE,1
"188",NA,NA,NA,188,"RS",TRUE,1
"189",0.0414505004882812,1.10532590351734,-0.619371701243136,189,"RS",TRUE,1
"190",NA,NA,NA,190,"RS",TRUE,1
"191",NA,NA,NA,191,"RS",TRUE,1
"192",NA,NA,NA,192,"RS",TRUE,1
"193",NA,NA,NA,193,"RS",TRUE,1
"194",NA,NA,NA,194,"RS",TRUE,1
"195",NA,NA,NA,195,"RS",TRUE,1
"196",NA,NA,NA,196,"RS",TRUE,1
"197",NA,NA,NA,197,"RS",TRUE,1
"198",NA,NA,NA,198,"RS",TRUE,1
"199",NA,NA,NA,199,"RS",TRUE,1
"200",NA,NA,NA,200,"RS",TRUE,1
"201",NA,NA,NA,201,"RS",TRUE,1
"202",0.0442495346069336,0.497432188766612,0.113565909628351,202,"RS",TRUE,1
"203",0.0445225238800049,1.53043046334585,0.194993168988151,203,"RS",TRUE,1
"204",0.0447924137115479,1.50305608488415,0.302409077406987,204,"RS",TRUE,1
"205",NA,NA,NA,205,"RS",TRUE,1
"206",0.0452759265899658,0.712178948416715,0.0136929799698733,206,"RS",TRUE,1
"207",NA,NA,NA,207,"RS",TRUE,1
"208",NA,NA,NA,208,"RS",TRUE,1
"209",NA,NA,NA,209,"RS",TRUE,1
"210",NA,NA,NA,210,"RS",TRUE,1
"211",NA,NA,NA,211,"RS",TRUE,1
"212",0.0465936660766602,0.789840321411976,-0.935761046393782,212,"RS",TRUE,1
"213",0.0468730926513672,0.683242986697464,-0.318054629017225,213,"RS",TRUE,1
"214",NA,NA,NA,214,"RS",TRUE,1
"215",NA,NA,NA,215,"RS",TRUE,1
"216",NA,NA,NA,216,"RS",TRUE,1
"217",NA,NA,NA,217,"RS",TRUE,1
"218",NA,NA,NA,218,"RS",TRUE,1
"219",0.0482082366943359,1.26588618670975,-1.16828834530223,219,"RS",TRUE,1
"220",0.0484764575958252,0.605658427252343,-0.093077371026743,220,"RS",TRUE,1
"221",0.0487456321716309,1.30458851666175,-1.13073539399321,221,"RS",TRUE,1
"222",NA,NA,NA,222,"RS",TRUE,1
"223",0.0492362976074219,1.76977372217374,-0.200409854644924,223,"RS",TRUE,1
"224",NA,NA,NA,224,"RS",TRUE,1
"225",NA,NA,NA,225,"RS",TRUE,1
"226",0.0499231815338135,2.07411239085716,-2.01471734598317,226,"RS",TRUE,1
"227",0.0501918792724609,1.04184262608292,-0.284054989791836,227,"RS",TRUE,1
"228",NA,NA,NA,228,"RS",TRUE,1
"229",NA,NA,NA,229,"RS",TRUE,1
"230",NA,NA,NA,230,"RS",TRUE,1
"231",0.0510871410369873,0.549759579680107,-0.726717719946047,231,"RS",TRUE,1
"232",0.0513761043548584,0.558477628448601,-0.427919234754296,232,"RS",TRUE,1
"233",NA,NA,NA,233,"RS",TRUE,1
"234",NA,NA,NA,234,"RS",TRUE,1
"235",NA,NA,NA,235,"RS",TRUE,1
"236",NA,NA,NA,236,"RS",TRUE,1
"237",0.0524799823760986,0.359298858940626,-0.220292692730556,237,"RS",TRUE,1
"238",NA,NA,NA,238,"RS",TRUE,1
"239",NA,NA,NA,239,"RS",TRUE,1
"240",NA,NA,NA,240,"RS",TRUE,1
"241",NA,NA,NA,241,"RS",TRUE,1
"242",NA,NA,NA,242,"RS",TRUE,1
"243",NA,NA,NA,243,"RS",TRUE,1
"244",NA,NA,NA,244,"RS",TRUE,1
"245",NA,NA,NA,245,"RS",TRUE,1
"246",NA,NA,NA,246,"RS",TRUE,1
"247",0.0546309947967529,1.26399569383562,0.195687658472029,247,"RS",TRUE,1
"248",NA,NA,NA,248,"RS",TRUE,1
"249",NA,NA,NA,249,"RS",TRUE,1
"250",NA,NA,NA,250,"RS",TRUE,1
"251",NA,NA,NA,251,"RS",TRUE,1
"252",NA,NA,NA,252,"RS",TRUE,1
"253",0.0559666156768799,2.28695274405902,-1.31827974558842,253,"RS",TRUE,1
"254",0.056239128112793,0.950174230617936,-1.47447072042657,254,"RS",TRUE,1
"255",NA,NA,NA,255,"RS",TRUE,1
"256",NA,NA,NA,256,"RS",TRUE,1
"257",NA,NA,NA,257,"RS",TRUE,1
"258",NA,NA,NA,258,"RS",TRUE,1
"259",NA,NA,NA,259,"RS",TRUE,1
"260",NA,NA,NA,260,"RS",TRUE,1
"261",0.0577518939971924,0.741507870755313,-0.725139456519568,261,"RS",TRUE,1
"262",NA,NA,NA,262,"RS",TRUE,1
"263",NA,NA,NA,263,"RS",TRUE,1
"264",0.058436393737793,2.29647792469569,-0.186386075362379,264,"RS",TRUE,1
"265",NA,NA,NA,265,"RS",TRUE,1
"266",NA,NA,NA,266,"RS",TRUE,1
"267",NA,NA,NA,267,"RS",TRUE,1
"268",0.0593304634094238,2.62383446885626,-1.56474879777667,268,"RS",TRUE,1
"269",NA,NA,NA,269,"RS",TRUE,1
"270",NA,NA,NA,270,"RS",TRUE,1
"271",NA,NA,NA,271,"RS",TRUE,1
"272",NA,NA,NA,272,"RS",TRUE,1
"273",NA,NA,NA,273,"RS",TRUE,1
"274",NA,NA,NA,274,"RS",TRUE,1
"275",NA,NA,NA,275,"RS",TRUE,1
"276",NA,NA,NA,276,"RS",TRUE,1
"277",NA,NA,NA,277,"RS",TRUE,1
"278",NA,NA,NA,278,"RS",TRUE,1
"279",NA,NA,NA,279,"RS",TRUE,1
"280",NA,NA,NA,280,"RS",TRUE,1
"281",0.0621073246002197,0.988302148357201,-0.322510967616928,281,"RS",TRUE,1
"282",NA,NA,NA,282,"RS",TRUE,1
"283",0.0625910758972168,0.495750074430022,-0.712959140658686,283,"RS",TRUE,1
"284",NA,NA,NA,284,"RS",TRUE,1
"285",NA,NA,NA,285,"RS",TRUE,1
"286",NA,NA,NA,286,"RS",TRUE,1
"287",NA,NA,NA,287,"RS",TRUE,1
"288",NA,NA,NA,288,"RS",TRUE,1
"289",NA,NA,NA,289,"RS",TRUE,1
"290",NA,NA,NA,290,"RS",TRUE,1
"291",NA,NA,NA,291,"RS",TRUE,1
"292",NA,NA,NA,292,"RS",TRUE,1
"293",NA,NA,NA,293,"RS",TRUE,1
"294",NA,NA,NA,294,"RS",TRUE,1
"295",NA,NA,NA,295,"RS",TRUE,1
"296",NA,NA,NA,296,"RS",TRUE,1
"297",NA,NA,NA,297,"RS",TRUE,1
"298",NA,NA,NA,298,"RS",TRUE,1
"299",0.0660126209259033,0.317182080057974,-0.338212025538337,299,"RS",TRUE,1
"300",NA,NA,NA,300,"RS",TRUE,1
"301",0.0664927959442139,1.13283993557274,-0.648925445127198,301,"RS",TRUE,1
"302",NA,NA,NA,302,"RS",TRUE,1
"303",NA,NA,NA,303,"RS",TRUE,1
"304",NA,NA,NA,304,"RS",TRUE,1
"305",NA,NA,NA,305,"RS",TRUE,1
"306",NA,NA,NA,306,"RS",TRUE,1
"307",NA,NA,NA,307,"RS",TRUE,1
"308",NA,NA,NA,308,"RS",TRUE,1
"309",NA,NA,NA,309,"RS",TRUE,1
"310",NA,NA,NA,310,"RS",TRUE,1
"311",0.0686745643615723,0.792076184784518,-0.776988201071515,311,"RS",TRUE,1
"312",NA,NA,NA,312,"RS",TRUE,1
"313",NA,NA,NA,313,"RS",TRUE,1
"314",NA,NA,NA,314,"RS",TRUE,1
"315",0.0695888996124268,0.911840573295421,-1.11535148006073,315,"RS",TRUE,1
"316",NA,NA,NA,316,"RS",TRUE,1
"317",NA,NA,NA,317,"RS",TRUE,1
"318",NA,NA,NA,318,"RS",TRUE,1
"319",NA,NA,NA,319,"RS",TRUE,1
"320",NA,NA,NA,320,"RS",TRUE,1
"321",NA,NA,NA,321,"RS",TRUE,1
"322",NA,NA,NA,322,"RS",TRUE,1
"323",NA,NA,NA,323,"RS",TRUE,1
"324",NA,NA,NA,324,"RS",TRUE,1
"325",0.0717439651489258,0.650319737523324,-0.969057702344914,325,"RS",TRUE,1
"326",NA,NA,NA,326,"RS",TRUE,1
"327",NA,NA,NA,327,"RS",TRUE,1
"328",0.0724365711212158,1.8409492375444,-1.80345890862609,328,"RS",TRUE,1
"329",NA,NA,NA,329,"RS",TRUE,1
"330",NA,NA,NA,330,"RS",TRUE,1
"331",NA,NA,NA,331,"RS",TRUE,1
"332",NA,NA,NA,332,"RS",TRUE,1
"333",NA,NA,NA,333,"RS",TRUE,1
"334",NA,NA,NA,334,"RS",TRUE,1
"335",0.0739579200744629,0.749539191908695,-0.818497790440223,335,"RS",TRUE,1
"336",NA,NA,NA,336,"RS",TRUE,1
"337",NA,NA,NA,337,"RS",TRUE,1
"338",NA,NA,NA,338,"RS",TRUE,1
"339",NA,NA,NA,339,"RS",TRUE,1
"340",0.0750627517700195,1.04713465153877,-1.47781127335449,340,"RS",TRUE,1
"341",NA,NA,NA,341,"RS",TRUE,1
"342",NA,NA,NA,342,"RS",TRUE,1
"343",NA,NA,NA,343,"RS",TRUE,1
"344",NA,NA,NA,344,"RS",TRUE,1
"345",NA,NA,NA,345,"RS",TRUE,1
"346",0.0763745307922363,0.809686148757868,-1.33358470786055,346,"RS",TRUE,1
"347",0.0766422748565674,0.472577177541364,-0.71389292879553,347,"RS",TRUE,1
"348",0.0769102573394775,0.624682265631916,-0.903287973430342,348,"RS",TRUE,1
"349",NA,NA,NA,349,"RS",TRUE,1
"350",0.0773870944976807,0.482439564896528,-0.698482236704067,350,"RS",TRUE,1
"351",NA,NA,NA,351,"RS",TRUE,1
"352",NA,NA,NA,352,"RS",TRUE,1
"353",NA,NA,NA,353,"RS",TRUE,1
"354",NA,NA,NA,354,"RS",TRUE,1
"355",0.0784831047058105,0.837431407254833,0.016395736342077,355,"RS",TRUE,1
"356",NA,NA,NA,356,"RS",TRUE,1
"357",NA,NA,NA,357,"RS",TRUE,1
"358",NA,NA,NA,358,"RS",TRUE,1
"359",0.0793852806091309,1.7043075951622,-0.896068774737729,359,"RS",TRUE,1
"360",NA,NA,NA,360,"RS",TRUE,1
"361",NA,NA,NA,361,"RS",TRUE,1
"362",NA,NA,NA,362,"RS",TRUE,1
"363",0.0802769660949707,0.997505175728025,-1.58142444967507,363,"RS",TRUE,1
"364",NA,NA,NA,364,"RS",TRUE,1
"365",NA,NA,NA,365,"RS",TRUE,1
"366",NA,NA,NA,366,"RS",TRUE,1
"367",NA,NA,NA,367,"RS",TRUE,1
"368",NA,NA,NA,368,"RS",TRUE,1
"369",NA,NA,NA,369,"RS",TRUE,1
"370",NA,NA,NA,370,"RS",TRUE,1
"371",0.0819988250732422,1.46549871240732,-0.13931578380257,371,"RS",TRUE,1
"372",NA,NA,NA,372,"RS",TRUE,1
"373",0.0824942588806152,1.66141339215596,-0.721459734437995,373,"RS",TRUE,1
"374",NA,NA,NA,374,"RS",TRUE,1
"375",0.0829777717590332,1.9773353360189,-1.88699106987415,375,"RS",TRUE,1
"376",NA,NA,NA,376,"RS",TRUE,1
"377",NA,NA,NA,377,"RS",TRUE,1
"378",0.083669900894165,1.026263964407,0.167222944387525,378,"RS",TRUE,1
"379",NA,NA,NA,379,"RS",TRUE,1
"380",NA,NA,NA,380,"RS",TRUE,1
"381",0.0843589305877686,0.964974593105437,-0.37143034687347,381,"RS",TRUE,1
"382",0.0846414566040039,2.12711604699825,-0.830854474876285,382,"RS",TRUE,1
"383",NA,NA,NA,383,"RS",TRUE,1
"384",NA,NA,NA,384,"RS",TRUE,1
"385",0.0853250026702881,0.630162923206053,-0.691528342469536,385,"RS",TRUE,1
"386",NA,NA,NA,386,"RS",TRUE,1
"387",NA,NA,NA,387,"RS",TRUE,1
"388",NA,NA,NA,388,"RS",TRUE,1
"389",NA,NA,NA,389,"RS",TRUE,1
"390",NA,NA,NA,390,"RS",TRUE,1
"391",NA,NA,NA,391,"RS",TRUE,1
"392",NA,NA,NA,392,"RS",TRUE,1
"393",NA,NA,NA,393,"RS",TRUE,1
"394",0.0872669219970703,0.649912270944421,-0.101210807912878,394,"RS",TRUE,1
"395",NA,NA,NA,395,"RS",TRUE,1
"396",0.0877652168273926,1.17593314865703,-0.410361611497136,396,"RS",TRUE,1
"397",NA,NA,NA,397,"RS",TRUE,1
"398",NA,NA,NA,398,"RS",TRUE,1
"399",NA,NA,NA,399,"RS",TRUE,1
"400",NA,NA,NA,400,"RS",TRUE,1
"401",NA,NA,NA,401,"RS",TRUE,1
"402",NA,NA,NA,402,"RS",TRUE,1
"403",NA,NA,NA,403,"RS",TRUE,1
"404",NA,NA,NA,404,"RS",TRUE,1
"405",NA,NA,NA,405,"RS",TRUE,1
"406",NA,NA,NA,406,"RS",TRUE,1
"407",0.0901196002960205,1.06545574668948,-0.679581554379255,407,"RS",TRUE,1
"408",NA,NA,NA,408,"RS",TRUE,1
"409",0.0905959606170654,0.516923391582598,-0.874944636979105,409,"RS",TRUE,1
"410",NA,NA,NA,410,"RS",TRUE,1
"411",NA,NA,NA,411,"RS",TRUE,1
"412",NA,NA,NA,412,"RS",TRUE,1
"413",NA,NA,NA,413,"RS",TRUE,1
"414",NA,NA,NA,414,"RS",TRUE,1
"415",NA,NA,NA,415,"RS",TRUE,1
"416",NA,NA,NA,416,"RS",TRUE,1
"417",NA,NA,NA,417,"RS",TRUE,1
"418",NA,NA,NA,418,"RS",TRUE,1
"419",NA,NA,NA,419,"RS",TRUE,1
"420",NA,NA,NA,420,"RS",TRUE,1
"421",NA,NA,NA,421,"RS",TRUE,1
"422",NA,NA,NA,422,"RS",TRUE,1
"423",0.0980725288391113,0.63250694514893,-0.47132085306554,423,"RS",TRUE,1
"424",NA,NA,NA,424,"RS",TRUE,1
"425",NA,NA,NA,425,"RS",TRUE,1
"426",0.0987534523010254,1.35581986430903,-0.700521269860475,426,"RS",TRUE,1
"427",NA,NA,NA,427,"RS",TRUE,1
"428",NA,NA,NA,428,"RS",TRUE,1
"429",0.0994551181793213,0.968210617076472,0.0982196883743013,429,"RS",TRUE,1
"430",NA,NA,NA,430,"RS",TRUE,1
"431",NA,NA,NA,431,"RS",TRUE,1
"432",0.100131034851074,1.23823984109078,-1.23813887831107,432,"RS",TRUE,1
"433",0.100394487380981,2.79050173311302,-1.07389035544199,433,"RS",TRUE,1
"434",NA,NA,NA,434,"RS",TRUE,1
"435",NA,NA,NA,435,"RS",TRUE,1
"436",NA,NA,NA,436,"RS",TRUE,1
"437",NA,NA,NA,437,"RS",TRUE,1
"438",NA,NA,NA,438,"RS",TRUE,1
"439",NA,NA,NA,439,"RS",TRUE,1
"440",NA,NA,NA,440,"RS",TRUE,1
"441",NA,NA,NA,441,"RS",TRUE,1
"442",0.102282524108887,0.799964900605629,-0.716577843093518,442,"RS",TRUE,1
"443",NA,NA,NA,443,"RS",TRUE,1
"444",NA,NA,NA,444,"RS",TRUE,1
"445",NA,NA,NA,445,"RS",TRUE,1
"446",NA,NA,NA,446,"RS",TRUE,1
"447",NA,NA,NA,447,"RS",TRUE,1
"448",NA,NA,NA,448,"RS",TRUE,1
"449",NA,NA,NA,449,"RS",TRUE,1
"450",NA,NA,NA,450,"RS",TRUE,1
"451",0.104172229766846,1.00645445900018,0.0246482815922999,451,"RS",TRUE,1
"452",NA,NA,NA,452,"RS",TRUE,1
"453",NA,NA,NA,453,"RS",TRUE,1
"454",NA,NA,NA,454,"RS",TRUE,1
"455",0.105046987533569,0.676682111924214,-0.26119463136585,455,"RS",TRUE,1
"456",NA,NA,NA,456,"RS",TRUE,1
"457",NA,NA,NA,457,"RS",TRUE,1
"458",0.105719804763794,0.511167637526365,-0.528904253126998,458,"RS",TRUE,1
"459",NA,NA,NA,459,"RS",TRUE,1
"460",NA,NA,NA,460,"RS",TRUE,1
"461",NA,NA,NA,461,"RS",TRUE,1
"462",NA,NA,NA,462,"RS",TRUE,1
"463",NA,NA,NA,463,"RS",TRUE,1
"464",NA,NA,NA,464,"RS",TRUE,1
"465",0.107211351394653,0.687611875938093,-0.462997785506138,465,"RS",TRUE,1
"466",0.107492685317993,0.887120712116453,-0.676216687108789,466,"RS",TRUE,1
"467",NA,NA,NA,467,"RS",TRUE,1
"468",NA,NA,NA,468,"RS",TRUE,1
"469",NA,NA,NA,469,"RS",TRUE,1
"470",NA,NA,NA,470,"RS",TRUE,1
"471",0.108574390411377,0.366746981793454,-0.185006467723907,471,"RS",TRUE,1
"472",0.108843088150024,0.728450543578076,-0.0485777468228722,472,"RS",TRUE,1
"473",NA,NA,NA,473,"RS",TRUE,1
"474",0.109318971633911,1.20688136469706,-0.16977191584177,474,"RS",TRUE,1
"475",NA,NA,NA,475,"RS",TRUE,1
"476",NA,NA,NA,476,"RS",TRUE,1
"477",NA,NA,NA,477,"RS",TRUE,1
"478",NA,NA,NA,478,"RS",TRUE,1
"479",NA,NA,NA,479,"RS",TRUE,1
"480",NA,NA,NA,480,"RS",TRUE,1
"481",NA,NA,NA,481,"RS",TRUE,1
"482",NA,NA,NA,482,"RS",TRUE,1
"483",NA,NA,NA,483,"RS",TRUE,1
"484",0.111443281173706,0.980750118892414,-0.133104057201842,484,"RS",TRUE,1
"485",NA,NA,NA,485,"RS",TRUE,1
"486",NA,NA,NA,486,"RS",TRUE,1
"487",0.11212420463562,0.359052897438226,-0.304016450630234,487,"RS",TRUE,1
"488",NA,NA,NA,488,"RS",TRUE,1
"489",NA,NA,NA,489,"RS",TRUE,1
"490",NA,NA,NA,490,"RS",TRUE,1
"491",NA,NA,NA,491,"RS",TRUE,1
"492",NA,NA,NA,492,"RS",TRUE,1
"493",NA,NA,NA,493,"RS",TRUE,1
"494",NA,NA,NA,494,"RS",TRUE,1
"495",NA,NA,NA,495,"RS",TRUE,1
"496",0.11405086517334,0.851248777531687,-0.768218265669755,496,"RS",TRUE,1
"497",NA,NA,NA,497,"RS",TRUE,1
"498",NA,NA,NA,498,"RS",TRUE,1
"499",NA,NA,NA,499,"RS",TRUE,1
"500",NA,NA,NA,500,"RS",TRUE,1
"501",NA,NA,NA,501,"RS",TRUE,1
"502",NA,NA,NA,502,"RS",TRUE,1
"503",NA,NA,NA,503,"RS",TRUE,1
"504",NA,NA,NA,504,"RS",TRUE,1
"505",0.116023063659668,0.628987006937015,0.0843696930305077,505,"RS",TRUE,1
"506",NA,NA,NA,506,"RS",TRUE,1
"507",NA,NA,NA,507,"RS",TRUE,1
"508",0.116710901260376,1.16056193701701,-0.516918754636185,508,"RS",TRUE,1
"509",NA,NA,NA,509,"RS",TRUE,1
"510",NA,NA,NA,510,"RS",TRUE,1
"511",0.117395401000977,0.860350667490275,0.0294742739010079,511,"RS",TRUE,1
"512",0.11766242980957,2.16596627720926,-0.590038029605866,512,"RS",TRUE,1
"513",0.117944240570068,0.992411957369306,-0.044358526703243,513,"RS",TRUE,1
"514",NA,NA,NA,514,"RS",TRUE,1
"515",NA,NA,NA,515,"RS",TRUE,1
"516",NA,NA,NA,516,"RS",TRUE,1
"517",NA,NA,NA,517,"RS",TRUE,1
"518",NA,NA,NA,518,"RS",TRUE,1
"519",NA,NA,NA,519,"RS",TRUE,1
"520",NA,NA,NA,520,"RS",TRUE,1
"521",NA,NA,NA,521,"RS",TRUE,1
"522",0.119870662689209,1.05768367738543,0.170991310868707,522,"RS",TRUE,1
"523",NA,NA,NA,523,"RS",TRUE,1
"524",0.120348930358887,0.453442983071193,0.0208756862691859,524,"RS",TRUE,1
"525",NA,NA,NA,525,"RS",TRUE,1
"526",NA,NA,NA,526,"RS",TRUE,1
"527",NA,NA,NA,527,"RS",TRUE,1
"528",0.121247053146362,0.387430870494312,-0.162616384990038,528,"RS",TRUE,1
"529",NA,NA,NA,529,"RS",TRUE,1
"530",NA,NA,NA,530,"RS",TRUE,1
"531",NA,NA,NA,531,"RS",TRUE,1
"532",NA,NA,NA,532,"RS",TRUE,1
"533",NA,NA,NA,533,"RS",TRUE,1
"534",NA,NA,NA,534,"RS",TRUE,1
"535",NA,NA,NA,535,"RS",TRUE,1
"536",0.122955560684204,0.838492842247009,-0.795816477577751,536,"RS",TRUE,1
"537",NA,NA,NA,537,"RS",TRUE,1
"538",NA,NA,NA,538,"RS",TRUE,1
"539",NA,NA,NA,539,"RS",TRUE,1
"540",NA,NA,NA,540,"RS",TRUE,1
"541",NA,NA,NA,541,"RS",TRUE,1
"542",NA,NA,NA,542,"RS",TRUE,1
"543",NA,NA,NA,543,"RS",TRUE,1
"544",NA,NA,NA,544,"RS",TRUE,1
"545",0.124883651733398,0.415160514764458,-0.90039491082717,545,"RS",TRUE,1
"546",NA,NA,NA,546,"RS",TRUE,1
"547",NA,NA,NA,547,"RS",TRUE,1
"548",0.125560522079468,1.66476809437414,-0.803026800259455,548,"RS",TRUE,1
"549",NA,NA,NA,549,"RS",TRUE,1
"550",NA,NA,NA,550,"RS",TRUE,1
"551",NA,NA,NA,551,"RS",TRUE,1
"552",0.126473665237427,1.32387631208152,-0.127627533667008,552,"RS",TRUE,1
"553",NA,NA,NA,553,"RS",TRUE,1
"554",NA,NA,NA,554,"RS",TRUE,1
"555",0.127191543579102,1.88846216197702,-1.16143624624835,555,"RS",TRUE,1
"556",NA,NA,NA,556,"RS",TRUE,1
"557",0.127668380737305,1.32940824985835,-0.785880553786389,557,"RS",TRUE,1
"558",NA,NA,NA,558,"RS",TRUE,1
"559",NA,NA,NA,559,"RS",TRUE,1
"560",0.128377437591553,0.928761665328024,-0.787286784548738,560,"RS",TRUE,1
"561",NA,NA,NA,561,"RS",TRUE,1
"562",NA,NA,NA,562,"RS",TRUE,1
"563",NA,NA,NA,563,"RS",TRUE,1
"564",NA,NA,NA,564,"RS",TRUE,1
"565",NA,NA,NA,565,"RS",TRUE,1
"566",NA,NA,NA,566,"RS",TRUE,1
"567",0.129907846450806,1.72186716328825,0.140295721975236,567,"RS",TRUE,1
"568",0.130177736282349,0.586568324321013,-0.457948712793606,568,"RS",TRUE,1
"569",NA,NA,NA,569,"RS",TRUE,1
"570",0.130649328231812,0.934142802857487,-0.704846915404083,570,"RS",TRUE,1
"571",NA,NA,NA,571,"RS",TRUE,1
"572",NA,NA,NA,572,"RS",TRUE,1
"573",NA,NA,NA,573,"RS",TRUE,1
"574",0.131566286087036,0.637775289081485,-0.240804989366592,574,"RS",TRUE,1
"575",0.131834268569946,1.31563798096588,-0.619762511077807,575,"RS",TRUE,1
"576",NA,NA,NA,576,"RS",TRUE,1
"577",NA,NA,NA,577,"RS",TRUE,1
"578",NA,NA,NA,578,"RS",TRUE,1
"579",NA,NA,NA,579,"RS",TRUE,1
"580",0.132950305938721,1.73483145923231,0.176682585816786,580,"RS",TRUE,1
"581",NA,NA,NA,581,"RS",TRUE,1
"582",0.133428812026978,1.85751772884014,-0.281768363592646,582,"RS",TRUE,1
"583",NA,NA,NA,583,"RS",TRUE,1
"584",NA,NA,NA,584,"RS",TRUE,1
"585",NA,NA,NA,585,"RS",TRUE,1
"586",NA,NA,NA,586,"RS",TRUE,1
"587",NA,NA,NA,587,"RS",TRUE,1
"588",NA,NA,NA,588,"RS",TRUE,1
"589",NA,NA,NA,589,"RS",TRUE,1
"590",0.135167837142944,1.62712342403462,-0.306915274562206,590,"RS",TRUE,1
"591",NA,NA,NA,591,"RS",TRUE,1
"592",0.135652780532837,1.36140859512133,-0.888887998566507,592,"RS",TRUE,1
"593",NA,NA,NA,593,"RS",TRUE,1
"594",NA,NA,NA,594,"RS",TRUE,1
"595",0.13633394241333,0.820367612355899,-1.01674181934515,595,"RS",TRUE,1
"596",NA,NA,NA,596,"RS",TRUE,1
"597",NA,NA,NA,597,"RS",TRUE,1
"598",NA,NA,NA,598,"RS",TRUE,1
"599",NA,NA,NA,599,"RS",TRUE,1
"600",NA,NA,NA,600,"RS",TRUE,1
"601",NA,NA,NA,601,"RS",TRUE,1
"602",NA,NA,NA,602,"RS",TRUE,1
"603",NA,NA,NA,603,"RS",TRUE,1
"604",NA,NA,NA,604,"RS",TRUE,1
"605",0.138464689254761,0.994129718525121,-0.581835147920499,605,"RS",TRUE,1
"606",NA,NA,NA,606,"RS",TRUE,1
"607",NA,NA,NA,607,"RS",TRUE,1
"608",NA,NA,NA,608,"RS",TRUE,1
"609",NA,NA,NA,609,"RS",TRUE,1
"610",NA,NA,NA,610,"RS",TRUE,1
"611",NA,NA,NA,611,"RS",TRUE,1
"612",NA,NA,NA,612,"RS",TRUE,1
"613",NA,NA,NA,613,"RS",TRUE,1
"614",NA,NA,NA,614,"RS",TRUE,1
"615",NA,NA,NA,615,"RS",TRUE,1
"616",0.140793085098267,1.07380391751791,0.299776839997533,616,"RS",TRUE,1
"617",NA,NA,NA,617,"RS",TRUE,1
"618",NA,NA,NA,618,"RS",TRUE,1
"619",NA,NA,NA,619,"RS",TRUE,1
"620",NA,NA,NA,620,"RS",TRUE,1
"621",NA,NA,NA,621,"RS",TRUE,1
"622",NA,NA,NA,622,"RS",TRUE,1
"623",NA,NA,NA,623,"RS",TRUE,1
"624",NA,NA,NA,624,"RS",TRUE,1
"625",0.142690420150757,0.98904247878678,-6.54668961234506e-05,625,"RS",TRUE,1
"626",NA,NA,NA,626,"RS",TRUE,1
"627",0.143165588378906,1.39052763279901,-0.0171197436783398,627,"RS",TRUE,1
"628",0.14344334602356,1.05855756989436,-0.309754553227,628,"RS",TRUE,1
"629",NA,NA,NA,629,"RS",TRUE,1
"630",NA,NA,NA,630,"RS",TRUE,1
"631",0.144121646881104,0.556549719322489,-0.597589343882953,631,"RS",TRUE,1
"632",NA,NA,NA,632,"RS",TRUE,1
"633",0.14461350440979,2.39127164186823,-2.04982753752702,633,"RS",TRUE,1
"634",NA,NA,NA,634,"RS",TRUE,1
"635",NA,NA,NA,635,"RS",TRUE,1
"636",NA,NA,NA,636,"RS",TRUE,1
"637",NA,NA,NA,637,"RS",TRUE,1
"638",NA,NA,NA,638,"RS",TRUE,1
"639",NA,NA,NA,639,"RS",TRUE,1
"640",NA,NA,NA,640,"RS",TRUE,1
"641",NA,NA,NA,641,"RS",TRUE,1
"642",NA,NA,NA,642,"RS",TRUE,1
"643",NA,NA,NA,643,"RS",TRUE,1
"644",NA,NA,NA,644,"RS",TRUE,1
"645",NA,NA,NA,645,"RS",TRUE,1
"646",NA,NA,NA,646,"RS",TRUE,1
"647",NA,NA,NA,647,"RS",TRUE,1
"648",NA,NA,NA,648,"RS",TRUE,1
"649",NA,NA,NA,649,"RS",TRUE,1
"650",NA,NA,NA,650,"RS",TRUE,1
"651",0.148409128189087,0.353167099593728,-0.197292096566161,651,"RS",TRUE,1
"652",NA,NA,NA,652,"RS",TRUE,1
"653",NA,NA,NA,653,"RS",TRUE,1
"654",NA,NA,NA,654,"RS",TRUE,1
"655",NA,NA,NA,655,"RS",TRUE,1
"656",NA,NA,NA,656,"RS",TRUE,1
"657",NA,NA,NA,657,"RS",TRUE,1
"658",NA,NA,NA,658,"RS",TRUE,1
"659",NA,NA,NA,659,"RS",TRUE,1
"660",NA,NA,NA,660,"RS",TRUE,1
"661",NA,NA,NA,661,"RS",TRUE,1
"662",NA,NA,NA,662,"RS",TRUE,1
"663",NA,NA,NA,663,"RS",TRUE,1
"664",NA,NA,NA,664,"RS",TRUE,1
"665",NA,NA,NA,665,"RS",TRUE,1
"666",NA,NA,NA,666,"RS",TRUE,1
"667",0.151836156845093,0.884239703752633,-0.71602733462524,667,"RS",TRUE,1
"668",0.152108192443848,1.02696873081865,-1.28436467659803,668,"RS",TRUE,1
"669",NA,NA,NA,669,"RS",TRUE,1
"670",NA,NA,NA,670,"RS",TRUE,1
"671",NA,NA,NA,671,"RS",TRUE,1
"672",NA,NA,NA,672,"RS",TRUE,1
"673",NA,NA,NA,673,"RS",TRUE,1
"674",0.153419017791748,1.89311646914964,0.0032732273467765,674,"RS",TRUE,1
"675",NA,NA,NA,675,"RS",TRUE,1
"676",NA,NA,NA,676,"RS",TRUE,1
"677",0.154106378555298,1.4130106453776,0.135790545643737,677,"RS",TRUE,1
"678",NA,NA,NA,678,"RS",TRUE,1
"679",NA,NA,NA,679,"RS",TRUE,1
"680",0.154788970947266,0.88405040331597,-0.438982894907116,680,"RS",TRUE,1
"681",NA,NA,NA,681,"RS",TRUE,1
"682",0.155263185501099,1.05796007256356,0.0772850145119479,682,"RS",TRUE,1
"683",NA,NA,NA,683,"RS",TRUE,1
"684",NA,NA,NA,684,"RS",TRUE,1
"685",NA,NA,NA,685,"RS",TRUE,1
"686",NA,NA,NA,686,"RS",TRUE,1
"687",NA,NA,NA,687,"RS",TRUE,1
"688",NA,NA,NA,688,"RS",TRUE,1
"689",0.156787395477295,0.678727712289979,-0.704286299200545,689,"RS",TRUE,1
"690",NA,NA,NA,690,"RS",TRUE,1
"691",NA,NA,NA,691,"RS",TRUE,1
"692",0.157475471496582,0.323841835529579,-0.835603904462576,692,"RS",TRUE,1
"693",NA,NA,NA,693,"RS",TRUE,1
"694",0.157958030700684,1.84889944746364,-1.08998151054623,694,"RS",TRUE,1
"695",NA,NA,NA,695,"RS",TRUE,1
"696",NA,NA,NA,696,"RS",TRUE,1
"697",NA,NA,NA,697,"RS",TRUE,1
"698",NA,NA,NA,698,"RS",TRUE,1
"699",NA,NA,NA,699,"RS",TRUE,1
"700",0.159264087677002,0.552497881419799,-0.752888623289144,700,"RS",TRUE,1
"701",0.159540176391602,1.12334812549988,-0.334516811995982,701,"RS",TRUE,1
"702",0.159808397293091,0.376331402539821,-0.160987775351233,702,"RS",TRUE,1
"703",NA,NA,NA,703,"RS",TRUE,1
"704",NA,NA,NA,704,"RS",TRUE,1
"705",NA,NA,NA,705,"RS",TRUE,1
"706",NA,NA,NA,706,"RS",TRUE,1
"707",NA,NA,NA,707,"RS",TRUE,1
"708",NA,NA,NA,708,"RS",TRUE,1
"709",NA,NA,NA,709,"RS",TRUE,1
"710",NA,NA,NA,710,"RS",TRUE,1
"711",NA,NA,NA,711,"RS",TRUE,1
"712",NA,NA,NA,712,"RS",TRUE,1
"713",0.162160634994507,0.979990076373756,0.223718033482463,713,"RS",TRUE,1
"714",NA,NA,NA,714,"RS",TRUE,1
"715",NA,NA,NA,715,"RS",TRUE,1
"716",0.162848711013794,1.06320866462042,-0.50619436817382,716,"RS",TRUE,1
"717",NA,NA,NA,717,"RS",TRUE,1
"718",NA,NA,NA,718,"RS",TRUE,1
"719",NA,NA,NA,719,"RS",TRUE,1
"720",0.163750648498535,0.987674268408924,-0.444554646517029,720,"RS",TRUE,1
"721",NA,NA,NA,721,"RS",TRUE,1
"722",NA,NA,NA,722,"RS",TRUE,1
"723",NA,NA,NA,723,"RS",TRUE,1
"724",NA,NA,NA,724,"RS",TRUE,1
"725",NA,NA,NA,725,"RS",TRUE,1
"726",0.165055513381958,0.44980577081647,-0.210994092297504,726,"RS",TRUE,1
"727",NA,NA,NA,727,"RS",TRUE,1
"728",NA,NA,NA,728,"RS",TRUE,1
"729",NA,NA,NA,729,"RS",TRUE,1
"730",NA,NA,NA,730,"RS",TRUE,1
"731",NA,NA,NA,731,"RS",TRUE,1
"732",0.166375875473022,1.3851101171415,-0.993946763702604,732,"RS",TRUE,1
"733",NA,NA,NA,733,"RS",TRUE,1
"734",NA,NA,NA,734,"RS",TRUE,1
"735",NA,NA,NA,735,"RS",TRUE,1
"736",NA,NA,NA,736,"RS",TRUE,1
"737",NA,NA,NA,737,"RS",TRUE,1
"738",NA,NA,NA,738,"RS",TRUE,1
"739",0.167913436889648,0.642292619804111,-1.37044425974667,739,"RS",TRUE,1
"740",NA,NA,NA,740,"RS",TRUE,1
"741",NA,NA,NA,741,"RS",TRUE,1
"742",NA,NA,NA,742,"RS",TRUE,1
"743",NA,NA,NA,743,"RS",TRUE,1
"744",NA,NA,NA,744,"RS",TRUE,1
"745",NA,NA,NA,745,"RS",TRUE,1
"746",0.16943883895874,0.953970169741546,-1.03610429784021,746,"RS",TRUE,1
"747",NA,NA,NA,747,"RS",TRUE,1
"748",0.169916152954102,0.603150776886846,-0.929233749549217,748,"RS",TRUE,1
"749",0.170181274414062,0.62309076244882,0.188912630756106,749,"RS",TRUE,1
"750",0.170444011688232,0.800631390771503,-1.40595246547617,750,"RS",TRUE,1
"751",NA,NA,NA,751,"RS",TRUE,1
"752",NA,NA,NA,752,"RS",TRUE,1
"753",NA,NA,NA,753,"RS",TRUE,1
"754",NA,NA,NA,754,"RS",TRUE,1
"755",NA,NA,NA,755,"RS",TRUE,1
"756",0.171752214431763,1.86671687719291,-1.40592535944903,756,"RS",TRUE,1
"757",NA,NA,NA,757,"RS",TRUE,1
"758",0.172232866287231,1.38739524488936,-1.52664066638717,758,"RS",TRUE,1
"759",0.172502994537354,0.713261864346405,-1.45812965754859,759,"RS",TRUE,1
"760",0.172770738601685,0.975852376006143,-0.839021369995305,760,"RS",TRUE,1
"761",NA,NA,NA,761,"RS",TRUE,1
"762",0.173247814178467,0.939954659702736,-1.48825028564587,762,"RS",TRUE,1
"763",NA,NA,NA,763,"RS",TRUE,1
"764",NA,NA,NA,764,"RS",TRUE,1
"765",NA,NA,NA,765,"RS",TRUE,1
"766",NA,NA,NA,766,"RS",TRUE,1
"767",NA,NA,NA,767,"RS",TRUE,1
"768",0.174562454223633,0.776035626991175,-1.16241889826636,768,"RS",TRUE,1
"769",NA,NA,NA,769,"RS",TRUE,1
"770",NA,NA,NA,770,"RS",TRUE,1
"771",0.175251722335815,0.608920189185144,-0.0784038664545915,771,"RS",TRUE,1
"772",NA,NA,NA,772,"RS",TRUE,1
"773",0.175738096237183,0.806648584283486,0.129339718221733,773,"RS",TRUE,1
"774",0.176008701324463,0.855036169423186,-0.962857543786628,774,"RS",TRUE,1
"775",NA,NA,NA,775,"RS",TRUE,1
"776",0.176481246948242,0.717199366531423,-0.249041594879104,776,"RS",TRUE,1
"777",NA,NA,NA,777,"RS",TRUE,1
"778",0.176955461502075,1.21332958823306,0.361413812295943,778,"RS",TRUE,1
"779",NA,NA,NA,779,"RS",TRUE,1
"780",NA,NA,NA,780,"RS",TRUE,1
"781",NA,NA,NA,781,"RS",TRUE,1
"782",NA,NA,NA,782,"RS",TRUE,1
"783",NA,NA,NA,783,"RS",TRUE,1
"784",NA,NA,NA,784,"RS",TRUE,1
"785",0.178465127944946,1.09143843035073,-1.07672015023971,785,"RS",TRUE,1
"786",NA,NA,NA,786,"RS",TRUE,1
"787",NA,NA,NA,787,"RS",TRUE,1
"788",NA,NA,NA,788,"RS",TRUE,1
"789",NA,NA,NA,789,"RS",TRUE,1
"790",NA,NA,NA,790,"RS",TRUE,1
"791",NA,NA,NA,791,"RS",TRUE,1
"792",NA,NA,NA,792,"RS",TRUE,1
"793",NA,NA,NA,793,"RS",TRUE,1
"794",NA,NA,NA,794,"RS",TRUE,1
"795",0.180643558502197,1.53317375871677,-0.866731784287982,795,"RS",TRUE,1
"796",NA,NA,NA,796,"RS",TRUE,1
"797",0.181133508682251,1.20666284976021,-1.82893737124237,797,"RS",TRUE,1
"798",0.181400299072266,1.73911998268804,-0.159022081114008,798,"RS",TRUE,1
"799",NA,NA,NA,799,"RS",TRUE,1
"800",NA,NA,NA,800,"RS",TRUE,1
"801",NA,NA,NA,801,"RS",TRUE,1
"802",NA,NA,NA,802,"RS",TRUE,1
"803",NA,NA,NA,803,"RS",TRUE,1
"804",0.182714223861694,0.480792531010758,-0.644471714980852,804,"RS",TRUE,1
"805",NA,NA,NA,805,"RS",TRUE,1
"806",0.18319296836853,0.487191886255691,-1.0136624156092,806,"RS",TRUE,1
"807",0.18346643447876,0.886625671325902,-1.59644180090441,807,"RS",TRUE,1
"808",NA,NA,NA,808,"RS",TRUE,1
"809",NA,NA,NA,809,"RS",TRUE,1
"810",NA,NA,NA,810,"RS",TRUE,1
"811",NA,NA,NA,811,"RS",TRUE,1
"812",NA,NA,NA,812,"RS",TRUE,1
"813",NA,NA,NA,813,"RS",TRUE,1
"814",NA,NA,NA,814,"RS",TRUE,1
"815",NA,NA,NA,815,"RS",TRUE,1
"816",NA,NA,NA,816,"RS",TRUE,1
"817",NA,NA,NA,817,"RS",TRUE,1
"818",NA,NA,NA,818,"RS",TRUE,1
"819",NA,NA,NA,819,"RS",TRUE,1
"820",0.186232328414917,1.10155005859371,-0.881771762260869,820,"RS",TRUE,1
"821",0.186500549316406,0.444992952986484,-0.759373194593852,821,"RS",TRUE,1
"822",0.186765432357788,1.65644438497534,-0.495124918346324,822,"RS",TRUE,1
"823",NA,NA,NA,823,"RS",TRUE,1
"824",NA,NA,NA,824,"RS",TRUE,1
"825",NA,NA,NA,825,"RS",TRUE,1
"826",NA,NA,NA,826,"RS",TRUE,1
"827",NA,NA,NA,827,"RS",TRUE,1
"828",NA,NA,NA,828,"RS",TRUE,1
"829",0.188278436660767,1.20797574476225,-1.10271903311814,829,"RS",TRUE,1
"830",0.188545942306519,0.692839414427696,-1.09029229165236,830,"RS",TRUE,1
"831",NA,NA,NA,831,"RS",TRUE,1
"832",0.189019441604614,0.418985025734351,-1.09672285666497,832,"RS",TRUE,1
"833",NA,NA,NA,833,"RS",TRUE,1
"834",NA,NA,NA,834,"RS",TRUE,1
"835",NA,NA,NA,835,"RS",TRUE,1
"836",NA,NA,NA,836,"RS",TRUE,1
"837",NA,NA,NA,837,"RS",TRUE,1
"838",NA,NA,NA,838,"RS",TRUE,1
"839",NA,NA,NA,839,"RS",TRUE,1
"840",0.190736532211304,1.94347482274889,0.114430758772296,840,"RS",TRUE,1
"841",0.191004037857056,0.876736506147925,-0.998691969113683,841,"RS",TRUE,1
"842",0.191273927688599,1.69803557243723,0.243248715310961,842,"RS",TRUE,1
"843",NA,NA,NA,843,"RS",TRUE,1
"844",NA,NA,NA,844,"RS",TRUE,1
"845",NA,NA,NA,845,"RS",TRUE,1
"846",NA,NA,NA,846,"RS",TRUE,1
"847",NA,NA,NA,847,"RS",TRUE,1
"848",NA,NA,NA,848,"RS",TRUE,1
"849",NA,NA,NA,849,"RS",TRUE,1
"850",NA,NA,NA,850,"RS",TRUE,1
"851",NA,NA,NA,851,"RS",TRUE,1
"852",NA,NA,NA,852,"RS",TRUE,1
"853",0.193622589111328,0.553861547206188,-0.557577863477298,853,"RS",TRUE,1
"854",NA,NA,NA,854,"RS",TRUE,1
"855",NA,NA,NA,855,"RS",TRUE,1
"856",NA,NA,NA,856,"RS",TRUE,1
"857",NA,NA,NA,857,"RS",TRUE,1
"858",0.194725275039673,0.962339909249973,-0.520302854399911,858,"RS",TRUE,1
"859",NA,NA,NA,859,"RS",TRUE,1
"860",NA,NA,NA,860,"RS",TRUE,1
"861",NA,NA,NA,861,"RS",TRUE,1
"862",NA,NA,NA,862,"RS",TRUE,1
"863",NA,NA,NA,863,"RS",TRUE,1
"864",0.200473070144653,0.280826986506215,-0.321823115058132,864,"RS",TRUE,1
"865",NA,NA,NA,865,"RS",TRUE,1
"866",NA,NA,NA,866,"RS",TRUE,1
"867",NA,NA,NA,867,"RS",TRUE,1
"868",0.201446771621704,1.63508809428596,-0.124281259872795,868,"RS",TRUE,1
"869",NA,NA,NA,869,"RS",TRUE,1
"870",NA,NA,NA,870,"RS",TRUE,1
"871",NA,NA,NA,871,"RS",TRUE,1
"872",NA,NA,NA,872,"RS",TRUE,1
"873",NA,NA,NA,873,"RS",TRUE,1
"874",0.202735900878906,0.825651494068584,-0.296591950864073,874,"RS",TRUE,1
"875",NA,NA,NA,875,"RS",TRUE,1
"876",0.203201532363892,1.34186720094624,-0.143111035289021,876,"RS",TRUE,1
"877",NA,NA,NA,877,"RS",TRUE,1
"878",NA,NA,NA,878,"RS",TRUE,1
"879",NA,NA,NA,879,"RS",TRUE,1
"880",0.204084396362305,0.374992131430438,-0.154962058094635,880,"RS",TRUE,1
"881",NA,NA,NA,881,"RS",TRUE,1
"882",NA,NA,NA,882,"RS",TRUE,1
"883",NA,NA,NA,883,"RS",TRUE,1
"884",0.20496392250061,0.680397842292167,0.173392995613698,884,"RS",TRUE,1
"885",NA,NA,NA,885,"RS",TRUE,1
"886",NA,NA,NA,886,"RS",TRUE,1
"887",NA,NA,NA,887,"RS",TRUE,1
"888",NA,NA,NA,888,"RS",TRUE,1
"889",0.206033706665039,0.658066903399609,-1.05194125776487,889,"RS",TRUE,1
"890",0.206298828125,2.18372973877303,-1.57171226122158,890,"RS",TRUE,1
"891",NA,NA,NA,891,"RS",TRUE,1
"892",NA,NA,NA,892,"RS",TRUE,1
"893",NA,NA,NA,893,"RS",TRUE,1
"894",0.207166910171509,0.38822230937479,-0.757430539923569,894,"RS",TRUE,1
"895",NA,NA,NA,895,"RS",TRUE,1
"896",NA,NA,NA,896,"RS",TRUE,1
"897",NA,NA,NA,897,"RS",TRUE,1
"898",NA,NA,NA,898,"RS",TRUE,1
"899",NA,NA,NA,899,"RS",TRUE,1
"900",NA,NA,NA,900,"RS",TRUE,1
"901",NA,NA,NA,901,"RS",TRUE,1
"902",0.208845376968384,1.06417780041589,0.266717782357491,902,"RS",TRUE,1
"903",NA,NA,NA,903,"RS",TRUE,1
"904",NA,NA,NA,904,"RS",TRUE,1
"905",NA,NA,NA,905,"RS",TRUE,1
"906",NA,NA,NA,906,"RS",TRUE,1
"907",0.20991325378418,2.68127543537677,-0.899139218810134,907,"RS",TRUE,1
"908",NA,NA,NA,908,"RS",TRUE,1
"909",NA,NA,NA,909,"RS",TRUE,1
"910",NA,NA,NA,910,"RS",TRUE,1
"911",NA,NA,NA,911,"RS",TRUE,1
"912",NA,NA,NA,912,"RS",TRUE,1
"913",NA,NA,NA,913,"RS",TRUE,1
"914",NA,NA,NA,914,"RS",TRUE,1
"915",NA,NA,NA,915,"RS",TRUE,1
"916",NA,NA,NA,916,"RS",TRUE,1
"917",NA,NA,NA,917,"RS",TRUE,1
"918",0.212244033813477,1.34354083871791,-1.37574181655387,918,"RS",TRUE,1
"919",NA,NA,NA,919,"RS",TRUE,1
"920",NA,NA,NA,920,"RS",TRUE,1
"921",NA,NA,NA,921,"RS",TRUE,1
"922",NA,NA,NA,922,"RS",TRUE,1
"923",NA,NA,NA,923,"RS",TRUE,1
"924",0.213536739349365,0.519420548284016,-0.0144510985974423,924,"RS",TRUE,1
"925",NA,NA,NA,925,"RS",TRUE,1
"926",NA,NA,NA,926,"RS",TRUE,1
"927",NA,NA,NA,927,"RS",TRUE,1
"928",NA,NA,NA,928,"RS",TRUE,1
"929",NA,NA,NA,929,"RS",TRUE,1
"930",0.21482515335083,0.464226451788628,0.0057955703132815,930,"RS",TRUE,1
"931",NA,NA,NA,931,"RS",TRUE,1
"932",0.215301990509033,0.861252777823782,-1.07804943839784,932,"RS",TRUE,1
"933",NA,NA,NA,933,"RS",TRUE,1
"934",NA,NA,NA,934,"RS",TRUE,1
"935",NA,NA,NA,935,"RS",TRUE,1
"936",NA,NA,NA,936,"RS",TRUE,1
"937",0.216413497924805,0.64774272212007,-1.39784811594244,937,"RS",TRUE,1
"938",NA,NA,NA,938,"RS",TRUE,1
"939",NA,NA,NA,939,"RS",TRUE,1
"940",NA,NA,NA,940,"RS",TRUE,1
"941",NA,NA,NA,941,"RS",TRUE,1
"942",NA,NA,NA,942,"RS",TRUE,1
"943",NA,NA,NA,943,"RS",TRUE,1
"944",0.21793532371521,1.42391702171982,-0.970420289904315,944,"RS",TRUE,1
"945",NA,NA,NA,945,"RS",TRUE,1
"946",NA,NA,NA,946,"RS",TRUE,1
"947",0.218631505966187,0.847675668033299,-1.11689422485248,947,"RS",TRUE,1
"948",NA,NA,NA,948,"RS",TRUE,1
"949",NA,NA,NA,949,"RS",TRUE,1
"950",NA,NA,NA,950,"RS",TRUE,1
"951",0.219521045684814,1.02796081875894,0.353139935832019,951,"RS",TRUE,1
"952",NA,NA,NA,952,"RS",TRUE,1
"953",NA,NA,NA,953,"RS",TRUE,1
"954",0.220196962356567,1.34504462374739,-0.967623184783785,954,"RS",TRUE,1
"955",0.220463037490845,1.43168643040512,-0.0212518825377448,955,"RS",TRUE,1
"956",0.220728397369385,1.41247163112832,0.33468465990291,956,"RS",TRUE,1
"957",NA,NA,NA,957,"RS",TRUE,1
"958",0.221207857131958,1.19671341724881,0.0548881946363052,958,"RS",TRUE,1
"959",0.221472263336182,1.40350813738719,0.245197592562113,959,"RS",TRUE,1
"960",0.221738576889038,0.825636221806044,0.325837974541945,960,"RS",TRUE,1
"961",0.222006797790527,0.517648304823131,-0.84318038897263,961,"RS",TRUE,1
"962",NA,NA,NA,962,"RS",TRUE,1
"963",NA,NA,NA,963,"RS",TRUE,1
"964",NA,NA,NA,964,"RS",TRUE,1
"965",NA,NA,NA,965,"RS",TRUE,1
"966",NA,NA,NA,966,"RS",TRUE,1
"967",NA,NA,NA,967,"RS",TRUE,1
"968",NA,NA,NA,968,"RS",TRUE,1
"969",NA,NA,NA,969,"RS",TRUE,1
"970",NA,NA,NA,970,"RS",TRUE,1
"971",NA,NA,NA,971,"RS",TRUE,1
"972",NA,NA,NA,972,"RS",TRUE,1
"973",0.224553823471069,1.16201615633801,-0.0461604061921998,973,"RS",TRUE,1
"974",0.224825620651245,0.709671477992032,-0.0857536229806218,974,"RS",TRUE,1
"975",NA,NA,NA,975,"RS",TRUE,1
"976",NA,NA,NA,976,"RS",TRUE,1
"977",NA,NA,NA,977,"RS",TRUE,1
"978",NA,NA,NA,978,"RS",TRUE,1
"979",NA,NA,NA,979,"RS",TRUE,1
"980",NA,NA,NA,980,"RS",TRUE,1
"981",NA,NA,NA,981,"RS",TRUE,1
"982",NA,NA,NA,982,"RS",TRUE,1
"983",NA,NA,NA,983,"RS",TRUE,1
"984",NA,NA,NA,984,"RS",TRUE,1
"985",0.227131128311157,0.619145341380482,-0.959004418693276,985,"RS",TRUE,1
"986",NA,NA,NA,986,"RS",TRUE,1
"987",0.227613210678101,1.55780615398802,0.375720245372783,987,"RS",TRUE,1
"988",NA,NA,NA,988,"RS",TRUE,1
"989",NA,NA,NA,989,"RS",TRUE,1
"990",0.228298187255859,0.524479901891071,-0.557832790530247,990,"RS",TRUE,1
"991",NA,NA,NA,991,"RS",TRUE,1
"992",NA,NA,NA,992,"RS",TRUE,1
"993",0.228974580764771,0.437418765190336,-0.421777671090156,993,"RS",TRUE,1
"994",NA,NA,NA,994,"RS",TRUE,1
"995",NA,NA,NA,995,"RS",TRUE,1
"996",NA,NA,NA,996,"RS",TRUE,1
"997",0.229864358901978,1.33164927096197,0.106673984914452,997,"RS",TRUE,1
"998",NA,NA,NA,998,"RS",TRUE,1
"999",NA,NA,NA,999,"RS",TRUE,1
"1000",NA,NA,NA,1000,"RS",TRUE,1
"1001",0.000227451324462891,0.50032531500206,-0.0732846251185042,1,"RS",TRUE,2
"1002",NA,NA,NA,2,"RS",TRUE,2
"1003",NA,NA,NA,3,"RS",TRUE,2
"1004",NA,NA,NA,4,"RS",TRUE,2
"1005",0.0056147575378418,0.59888395311285,-0.681098507176905,5,"RS",TRUE,2
"1006",NA,NA,NA,6,"RS",TRUE,2
"1007",0.00615262985229492,0.592221411198777,-1.33205684079763,7,"RS",TRUE,2
"1008",NA,NA,NA,8,"RS",TRUE,2
"1009",0.00664067268371582,2.38579039722298,-0.683153092958385,9,"RS",TRUE,2
"1010",0.00692534446716309,0.745726748352688,-0.714868022021185,10,"RS",TRUE,2
"1011",0.00721621513366699,0.410605946193168,-0.440031892292747,11,"RS",TRUE,2
"1012",0.00748109817504883,0.316577319697485,-0.727860750237158,12,"RS",TRUE,2
"1013",NA,NA,NA,13,"RS",TRUE,2
"1014",NA,NA,NA,14,"RS",TRUE,2
"1015",NA,NA,NA,15,"RS",TRUE,2
"1016",NA,NA,NA,16,"RS",TRUE,2
"1017",NA,NA,NA,17,"RS",TRUE,2
"1018",NA,NA,NA,18,"RS",TRUE,2
"1019",NA,NA,NA,19,"RS",TRUE,2
"1020",NA,NA,NA,20,"RS",TRUE,2
"1021",NA,NA,NA,21,"RS",TRUE,2
"1022",NA,NA,NA,22,"RS",TRUE,2
"1023",NA,NA,NA,23,"RS",TRUE,2
"1024",0.00998258590698242,0.735893972840211,-0.468156244235013,24,"RS",TRUE,2
"1025",NA,NA,NA,25,"RS",TRUE,2
"1026",NA,NA,NA,26,"RS",TRUE,2
"1027",NA,NA,NA,27,"RS",TRUE,2
"1028",NA,NA,NA,28,"RS",TRUE,2
"1029",NA,NA,NA,29,"RS",TRUE,2
"1030",NA,NA,NA,30,"RS",TRUE,2
"1031",NA,NA,NA,31,"RS",TRUE,2
"1032",0.0116991996765137,1.07674234001774,0.110704183506229,32,"RS",TRUE,2
"1033",NA,NA,NA,33,"RS",TRUE,2
"1034",NA,NA,NA,34,"RS",TRUE,2
"1035",NA,NA,NA,35,"RS",TRUE,2
"1036",0.0125746726989746,1.62258851007424,0.0566281696489777,36,"RS",TRUE,2
"1037",NA,NA,NA,37,"RS",TRUE,2
"1038",0.0130414962768555,0.811298370598564,-0.498169797138236,38,"RS",TRUE,2
"1039",0.0133047103881836,0.59612922359101,-0.587833855887273,39,"RS",TRUE,2
"1040",NA,NA,NA,40,"RS",TRUE,2
"1041",NA,NA,NA,41,"RS",TRUE,2
"1042",NA,NA,NA,42,"RS",TRUE,2
"1043",NA,NA,NA,43,"RS",TRUE,2
"1044",0.0143754482269287,1.92924094099963,-0.620226243939116,44,"RS",TRUE,2
"1045",NA,NA,NA,45,"RS",TRUE,2
"1046",NA,NA,NA,46,"RS",TRUE,2
"1047",0.0150547027587891,0.481327393887484,-0.546279559015501,47,"RS",TRUE,2
"1048",NA,NA,NA,48,"RS",TRUE,2
"1049",NA,NA,NA,49,"RS",TRUE,2
"1050",NA,NA,NA,50,"RS",TRUE,2
"1051",NA,NA,NA,51,"RS",TRUE,2
"1052",NA,NA,NA,52,"RS",TRUE,2
"1053",NA,NA,NA,53,"RS",TRUE,2
"1054",NA,NA,NA,54,"RS",TRUE,2
"1055",NA,NA,NA,55,"RS",TRUE,2
"1056",NA,NA,NA,56,"RS",TRUE,2
"1057",NA,NA,NA,57,"RS",TRUE,2
"1058",NA,NA,NA,58,"RS",TRUE,2
"1059",0.0175786018371582,1.6558212576059,-0.264816729707934,59,"RS",TRUE,2
"1060",NA,NA,NA,60,"RS",TRUE,2
"1061",NA,NA,NA,61,"RS",TRUE,2
"1062",NA,NA,NA,62,"RS",TRUE,2
"1063",NA,NA,NA,63,"RS",TRUE,2
"1064",NA,NA,NA,64,"RS",TRUE,2
"1065",NA,NA,NA,65,"RS",TRUE,2
"1066",NA,NA,NA,66,"RS",TRUE,2
"1067",NA,NA,NA,67,"RS",TRUE,2
"1068",NA,NA,NA,68,"RS",TRUE,2
"1069",NA,NA,NA,69,"RS",TRUE,2
"1070",0.0199368000030518,1.79592482267257,-0.638481757217444,70,"RS",TRUE,2
"1071",NA,NA,NA,71,"RS",TRUE,2
"1072",NA,NA,NA,72,"RS",TRUE,2
"1073",NA,NA,NA,73,"RS",TRUE,2
"1074",NA,NA,NA,74,"RS",TRUE,2
"1075",0.0210335254669189,1.32446186528317,-0.883121308251129,75,"RS",TRUE,2
"1076",NA,NA,NA,76,"RS",TRUE,2
"1077",0.0215182304382324,1.92610933739889,0.136359457646878,77,"RS",TRUE,2
"1078",0.0218079090118408,1.56195808671866,-1.14678391227209,78,"RS",TRUE,2
"1079",NA,NA,NA,79,"RS",TRUE,2
"1080",NA,NA,NA,80,"RS",TRUE,2
"1081",NA,NA,NA,81,"RS",TRUE,2
"1082",0.0226984024047852,0.376996946869811,-0.113851170218929,82,"RS",TRUE,2
"1083",NA,NA,NA,83,"RS",TRUE,2
"1084",0.0231826305389404,1.56445035317107,0.0449209538482042,84,"RS",TRUE,2
"1085",NA,NA,NA,85,"RS",TRUE,2
"1086",NA,NA,NA,86,"RS",TRUE,2
"1087",0.0238943099975586,2.44458991647641,-1.79928218785638,87,"RS",TRUE,2
"1088",0.024162769317627,0.655252367250857,-1.14708464243431,88,"RS",TRUE,2
"1089",0.0244262218475342,0.364675717529985,-0.747708942841094,89,"RS",TRUE,2
"1090",NA,NA,NA,90,"RS",TRUE,2
"1091",NA,NA,NA,91,"RS",TRUE,2
"1092",NA,NA,NA,92,"RS",TRUE,2
"1093",NA,NA,NA,93,"RS",TRUE,2
"1094",NA,NA,NA,94,"RS",TRUE,2
"1095",NA,NA,NA,95,"RS",TRUE,2
"1096",NA,NA,NA,96,"RS",TRUE,2
"1097",0.0261483192443848,0.90817866199619,-0.399395619446891,97,"RS",TRUE,2
"1098",0.0264174938201904,1.25556411093052,-0.884697352079437,98,"RS",TRUE,2
"1099",NA,NA,NA,99,"RS",TRUE,2
"1100",NA,NA,NA,100,"RS",TRUE,2
"1101",NA,NA,NA,101,"RS",TRUE,2
"1102",0.027318000793457,0.609750964939203,-0.560768863481151,102,"RS",TRUE,2
"1103",NA,NA,NA,103,"RS",TRUE,2
"1104",0.027789831161499,0.570818912374259,-0.260765640898375,104,"RS",TRUE,2
"1105",0.0280568599700928,0.744239600441682,-1.44526834438812,105,"RS",TRUE,2
"1106",0.0283265113830566,0.764874503382807,0.183039169288983,106,"RS",TRUE,2
"1107",NA,NA,NA,107,"RS",TRUE,2
"1108",0.0288031101226807,0.575863149718787,-1.0783746209056,108,"RS",TRUE,2
"1109",0.0290720462799072,1.69386809068752,-0.495111474079134,109,"RS",TRUE,2
"1110",NA,NA,NA,110,"RS",TRUE,2
"1111",NA,NA,NA,111,"RS",TRUE,2
"1112",NA,NA,NA,112,"RS",TRUE,2
"1113",NA,NA,NA,113,"RS",TRUE,2
"1114",NA,NA,NA,114,"RS",TRUE,2
"1115",NA,NA,NA,115,"RS",TRUE,2
"1116",NA,NA,NA,116,"RS",TRUE,2
"1117",NA,NA,NA,117,"RS",TRUE,2
"1118",NA,NA,NA,118,"RS",TRUE,2
"1119",NA,NA,NA,119,"RS",TRUE,2
"1120",NA,NA,NA,120,"RS",TRUE,2
"1121",NA,NA,NA,121,"RS",TRUE,2
"1122",NA,NA,NA,122,"RS",TRUE,2
"1123",NA,NA,NA,123,"RS",TRUE,2
"1124",NA,NA,NA,124,"RS",TRUE,2
"1125",NA,NA,NA,125,"RS",TRUE,2
"1126",NA,NA,NA,126,"RS",TRUE,2
"1127",NA,NA,NA,127,"RS",TRUE,2
"1128",NA,NA,NA,128,"RS",TRUE,2
"1129",NA,NA,NA,129,"RS",TRUE,2
"1130",NA,NA,NA,130,"RS",TRUE,2
"1131",NA,NA,NA,131,"RS",TRUE,2
"1132",NA,NA,NA,132,"RS",TRUE,2
"1133",NA,NA,NA,133,"RS",TRUE,2
"1134",NA,NA,NA,134,"RS",TRUE,2
"1135",NA,NA,NA,135,"RS",TRUE,2
"1136",NA,NA,NA,136,"RS",TRUE,2
"1137",0.0349388122558594,1.63841644030762,-0.212590867639016,137,"RS",TRUE,2
"1138",NA,NA,NA,138,"RS",TRUE,2
"1139",NA,NA,NA,139,"RS",TRUE,2
"1140",NA,NA,NA,140,"RS",TRUE,2
"1141",NA,NA,NA,141,"RS",TRUE,2
"1142",NA,NA,NA,142,"RS",TRUE,2
"1143",0.0363047122955322,0.988640699144448,-1.64815953204635,143,"RS",TRUE,2
"1144",NA,NA,NA,144,"RS",TRUE,2
"1145",NA,NA,NA,145,"RS",TRUE,2
"1146",NA,NA,NA,146,"RS",TRUE,2
"1147",NA,NA,NA,147,"RS",TRUE,2
"1148",NA,NA,NA,148,"RS",TRUE,2
"1149",NA,NA,NA,149,"RS",TRUE,2
"1150",NA,NA,NA,150,"RS",TRUE,2
"1151",NA,NA,NA,151,"RS",TRUE,2
"1152",0.03826904296875,0.25448033594064,-0.542072029201738,152,"RS",TRUE,2
"1153",NA,NA,NA,153,"RS",TRUE,2
"1154",NA,NA,NA,154,"RS",TRUE,2
"1155",NA,NA,NA,155,"RS",TRUE,2
"1156",NA,NA,NA,156,"RS",TRUE,2
"1157",0.0394148826599121,1.07336578588346,0.124184358399491,157,"RS",TRUE,2
"1158",0.0396857261657715,0.943925604283745,-0.526449530727562,158,"RS",TRUE,2
"1159",NA,NA,NA,159,"RS",TRUE,2
"1160",NA,NA,NA,160,"RS",TRUE,2
"1161",NA,NA,NA,161,"RS",TRUE,2
"1162",NA,NA,NA,162,"RS",TRUE,2
"1163",0.0408244132995605,0.43119673041899,-0.572352122658495,163,"RS",TRUE,2
"1164",0.0410945415496826,1.33891363562759,-0.811828784684426,164,"RS",TRUE,2
"1165",0.04136061668396,0.983352676462089,-0.550494450720588,165,"RS",TRUE,2
"1166",NA,NA,NA,166,"RS",TRUE,2
"1167",0.0418403148651123,0.609408879570279,-0.0863125580571099,167,"RS",TRUE,2
"1168",0.0421078205108643,1.37857091074383,-1.97479386504713,168,"RS",TRUE,2
"1169",NA,NA,NA,169,"RS",TRUE,2
"1170",NA,NA,NA,170,"RS",TRUE,2
"1171",NA,NA,NA,171,"RS",TRUE,2
"1172",0.0430169105529785,0.644883697065399,-1.3508737674684,172,"RS",TRUE,2
"1173",NA,NA,NA,173,"RS",TRUE,2
"1174",NA,NA,NA,174,"RS",TRUE,2
"1175",NA,NA,NA,175,"RS",TRUE,2
"1176",0.043900728225708,1.12137403288589,-1.81895999726286,176,"RS",TRUE,2
"1177",0.0441653728485107,1.17487638935534,-0.155759192705761,177,"RS",TRUE,2
"1178",NA,NA,NA,178,"RS",TRUE,2
"1179",0.0446388721466064,0.620303489268442,-0.191543659988869,179,"RS",TRUE,2
"1180",NA,NA,NA,180,"RS",TRUE,2
"1181",0.0451109409332275,0.694392762590617,-0.619263834413362,181,"RS",TRUE,2
"1182",NA,NA,NA,182,"RS",TRUE,2
"1183",NA,NA,NA,183,"RS",TRUE,2
"1184",NA,NA,NA,184,"RS",TRUE,2
"1185",NA,NA,NA,185,"RS",TRUE,2
"1186",0.0462043285369873,0.732991980391442,-1.27985444972604,186,"RS",TRUE,2
"1187",NA,NA,NA,187,"RS",TRUE,2
"1188",NA,NA,NA,188,"RS",TRUE,2
"1189",NA,NA,NA,189,"RS",TRUE,2
"1190",NA,NA,NA,190,"RS",TRUE,2
"1191",NA,NA,NA,191,"RS",TRUE,2
"1192",NA,NA,NA,192,"RS",TRUE,2
"1193",NA,NA,NA,193,"RS",TRUE,2
"1194",NA,NA,NA,194,"RS",TRUE,2
"1195",NA,NA,NA,195,"RS",TRUE,2
"1196",0.0483243465423584,0.892430173193017,-0.0284980833173318,196,"RS",TRUE,2
"1197",NA,NA,NA,197,"RS",TRUE,2
"1198",0.0487990379333496,1.20471574321171,0.0166620833900755,198,"RS",TRUE,2
"1199",NA,NA,NA,199,"RS",TRUE,2
"1200",NA,NA,NA,200,"RS",TRUE,2
"1201",NA,NA,NA,201,"RS",TRUE,2
"1202",0.0496904850006104,0.437072734210279,-0.470558514568714,202,"RS",TRUE,2
"1203",NA,NA,NA,203,"RS",TRUE,2
"1204",NA,NA,NA,204,"RS",TRUE,2
"1205",NA,NA,NA,205,"RS",TRUE,2
"1206",NA,NA,NA,206,"RS",TRUE,2
"1207",0.0507709980010986,1.01451394306161,-1.01092263050303,207,"RS",TRUE,2
"1208",NA,NA,NA,208,"RS",TRUE,2
"1209",NA,NA,NA,209,"RS",TRUE,2
"1210",NA,NA,NA,210,"RS",TRUE,2
"1211",NA,NA,NA,211,"RS",TRUE,2
"1212",NA,NA,NA,212,"RS",TRUE,2
"1213",NA,NA,NA,213,"RS",TRUE,2
"1214",NA,NA,NA,214,"RS",TRUE,2
"1215",NA,NA,NA,215,"RS",TRUE,2
"1216",0.0526952743530273,0.965129102247904,-0.174707631601944,216,"RS",TRUE,2
"1217",NA,NA,NA,217,"RS",TRUE,2
"1218",NA,NA,NA,218,"RS",TRUE,2
"1219",NA,NA,NA,219,"RS",TRUE,2
"1220",0.0535917282104492,2.01879921867476,-1.785293787658,220,"RS",TRUE,2
"1221",0.0538628101348877,1.03146654994268,-0.492454043133902,221,"RS",TRUE,2
"1222",NA,NA,NA,222,"RS",TRUE,2
"1223",NA,NA,NA,223,"RS",TRUE,2
"1224",NA,NA,NA,224,"RS",TRUE,2
"1225",NA,NA,NA,225,"RS",TRUE,2
"1226",0.0549912452697754,1.19158636290866,-0.937084653957958,226,"RS",TRUE,2
"1227",NA,NA,NA,227,"RS",TRUE,2
"1228",NA,NA,NA,228,"RS",TRUE,2
"1229",0.055682897567749,1.17792504878997,-0.357461028876142,229,"RS",TRUE,2
"1230",NA,NA,NA,230,"RS",TRUE,2
"1231",0.0561542510986328,1.27323851469779,-0.892480442637306,231,"RS",TRUE,2
"1232",NA,NA,NA,232,"RS",TRUE,2
"1233",0.0566320419311523,0.688477176204963,-1.18861046301513,233,"RS",TRUE,2
"1234",NA,NA,NA,234,"RS",TRUE,2
"1235",NA,NA,NA,235,"RS",TRUE,2
"1236",NA,NA,NA,236,"RS",TRUE,2
"1237",0.0575385093688965,0.642468798039731,0.0539259487430254,237,"RS",TRUE,2
"1238",NA,NA,NA,238,"RS",TRUE,2
"1239",NA,NA,NA,239,"RS",TRUE,2
"1240",NA,NA,NA,240,"RS",TRUE,2
"1241",NA,NA,NA,241,"RS",TRUE,2
"1242",NA,NA,NA,242,"RS",TRUE,2
"1243",NA,NA,NA,243,"RS",TRUE,2
"1244",NA,NA,NA,244,"RS",TRUE,2
"1245",NA,NA,NA,245,"RS",TRUE,2
"1246",NA,NA,NA,246,"RS",TRUE,2
"1247",NA,NA,NA,247,"RS",TRUE,2
"1248",NA,NA,NA,248,"RS",TRUE,2
"1249",NA,NA,NA,249,"RS",TRUE,2
"1250",NA,NA,NA,250,"RS",TRUE,2
"1251",NA,NA,NA,251,"RS",TRUE,2
"1252",NA,NA,NA,252,"RS",TRUE,2
"1253",NA,NA,NA,253,"RS",TRUE,2
"1254",NA,NA,NA,254,"RS",TRUE,2
"1255",0.0613749027252197,1.03336568032442,-0.745658655737164,255,"RS",TRUE,2
"1256",NA,NA,NA,256,"RS",TRUE,2
"1257",NA,NA,NA,257,"RS",TRUE,2
"1258",NA,NA,NA,258,"RS",TRUE,2
"1259",NA,NA,NA,259,"RS",TRUE,2
"1260",0.0624842643737793,1.48015127700583,0.0197946974450239,260,"RS",TRUE,2
"1261",NA,NA,NA,261,"RS",TRUE,2
"1262",NA,NA,NA,262,"RS",TRUE,2
"1263",NA,NA,NA,263,"RS",TRUE,2
"1264",NA,NA,NA,264,"RS",TRUE,2
"1265",NA,NA,NA,265,"RS",TRUE,2
"1266",NA,NA,NA,266,"RS",TRUE,2
"1267",NA,NA,NA,267,"RS",TRUE,2
"1268",NA,NA,NA,268,"RS",TRUE,2
"1269",NA,NA,NA,269,"RS",TRUE,2
"1270",NA,NA,NA,270,"RS",TRUE,2
"1271",NA,NA,NA,271,"RS",TRUE,2
"1272",NA,NA,NA,272,"RS",TRUE,2
"1273",NA,NA,NA,273,"RS",TRUE,2
"1274",NA,NA,NA,274,"RS",TRUE,2
"1275",0.0656964778900146,0.393222897844594,-0.78326442169683,275,"RS",TRUE,2
"1276",0.0659661293029785,1.20563734948897,-0.591788944505379,276,"RS",TRUE,2
"1277",0.0662336349487305,1.02838218677321,-0.0150209004659444,277,"RS",TRUE,2
"1278",0.0665104389190674,1.64710877443809,-2.08655107218599,278,"RS",TRUE,2
"1279",0.0667741298675537,0.910459912551798,0.0859364040000723,279,"RS",TRUE,2
"1280",0.0670545101165771,1.08101824193304,0.254967357233951,280,"RS",TRUE,2
"1281",0.0673246383666992,0.846108407725836,-0.633161143617081,281,"RS",TRUE,2
"1282",NA,NA,NA,282,"RS",TRUE,2
"1283",0.0678045749664307,1.09524545257004,-1.1561227238093,283,"RS",TRUE,2
"1284",NA,NA,NA,284,"RS",TRUE,2
"1285",NA,NA,NA,285,"RS",TRUE,2
"1286",NA,NA,NA,286,"RS",TRUE,2
"1287",0.0687005519866943,0.805223260379445,0.32665767525574,287,"RS",TRUE,2
"1288",0.068979024887085,1.08904557548311,-0.975131666841936,288,"RS",TRUE,2
"1289",0.0692493915557861,0.472224112200315,-0.528544455324938,289,"RS",TRUE,2
"1290",NA,NA,NA,290,"RS",TRUE,2
"1291",0.0697262287139893,0.479379766750339,-0.909710667126775,291,"RS",TRUE,2
"1292",NA,NA,NA,292,"RS",TRUE,2
"1293",0.0702030658721924,0.821577642262043,-0.689351812654209,293,"RS",TRUE,2
"1294",NA,NA,NA,294,"RS",TRUE,2
"1295",NA,NA,NA,295,"RS",TRUE,2
"1296",NA,NA,NA,296,"RS",TRUE,2
"1297",0.07110595703125,0.831929091984208,-0.705403681314007,297,"RS",TRUE,2
"1298",NA,NA,NA,298,"RS",TRUE,2
"1299",NA,NA,NA,299,"RS",TRUE,2
"1300",NA,NA,NA,300,"RS",TRUE,2
"1301",NA,NA,NA,301,"RS",TRUE,2
"1302",0.0722291469573975,0.371670105297384,-0.637190336737747,302,"RS",TRUE,2
"1303",NA,NA,NA,303,"RS",TRUE,2
"1304",NA,NA,NA,304,"RS",TRUE,2
"1305",NA,NA,NA,305,"RS",TRUE,2
"1306",NA,NA,NA,306,"RS",TRUE,2
"1307",NA,NA,NA,307,"RS",TRUE,2
"1308",NA,NA,NA,308,"RS",TRUE,2
"1309",0.0737521648406982,1.41939740455518,-1.30567018758465,309,"RS",TRUE,2
"1310",NA,NA,NA,310,"RS",TRUE,2
"1311",0.0742459297180176,1.63631201362165,-0.3415952066926,311,"RS",TRUE,2
"1312",0.0745117664337158,0.519141923035449,0.0968369683164006,312,"RS",TRUE,2
"1313",NA,NA,NA,313,"RS",TRUE,2
"1314",NA,NA,NA,314,"RS",TRUE,2
"1315",NA,NA,NA,315,"RS",TRUE,2
"1316",NA,NA,NA,316,"RS",TRUE,2
"1317",NA,NA,NA,317,"RS",TRUE,2
"1318",NA,NA,NA,318,"RS",TRUE,2
"1319",0.0760374069213867,0.701072611285963,-0.283887021511844,319,"RS",TRUE,2
"1320",0.0763092041015625,1.77884058609652,-1.72090286425092,320,"RS",TRUE,2
"1321",0.0765879154205322,0.80477841017593,-1.05096521497728,321,"RS",TRUE,2
"1322",NA,NA,NA,322,"RS",TRUE,2
"1323",NA,NA,NA,323,"RS",TRUE,2
"1324",NA,NA,NA,324,"RS",TRUE,2
"1325",0.0774803161621094,1.23318635989827,-0.112158311237848,325,"RS",TRUE,2
"1326",NA,NA,NA,326,"RS",TRUE,2
"1327",0.0779576301574707,0.446306606412363,0.0180543983690518,327,"RS",TRUE,2
"1328",NA,NA,NA,328,"RS",TRUE,2
"1329",NA,NA,NA,329,"RS",TRUE,2
"1330",NA,NA,NA,330,"RS",TRUE,2
"1331",NA,NA,NA,331,"RS",TRUE,2
"1332",NA,NA,NA,332,"RS",TRUE,2
"1333",NA,NA,NA,333,"RS",TRUE,2
"1334",NA,NA,NA,334,"RS",TRUE,2
"1335",0.0796904563903809,1.18859520641986,-1.16029203768414,335,"RS",TRUE,2
"1336",0.0799591541290283,1.17658394882433,-0.716716068829132,336,"RS",TRUE,2
"1337",0.0802271366119385,0.742161719304836,-0.193137509952369,337,"RS",TRUE,2
"1338",NA,NA,NA,338,"RS",TRUE,2
"1339",NA,NA,NA,339,"RS",TRUE,2
"1340",0.0809116363525391,0.799724482689601,-1.48518535930954,340,"RS",TRUE,2
"1341",NA,NA,NA,341,"RS",TRUE,2
"1342",0.0813934803009033,1.39002085851977,-1.09665746515685,342,"RS",TRUE,2
"1343",NA,NA,NA,343,"RS",TRUE,2
"1344",NA,NA,NA,344,"RS",TRUE,2
"1345",NA,NA,NA,345,"RS",TRUE,2
"1346",NA,NA,NA,346,"RS",TRUE,2
"1347",NA,NA,NA,347,"RS",TRUE,2
"1348",NA,NA,NA,348,"RS",TRUE,2
"1349",NA,NA,NA,349,"RS",TRUE,2
"1350",0.0831351280212402,1.28932607951371,-1.57373923240236,350,"RS",TRUE,2
"1351",NA,NA,NA,351,"RS",TRUE,2
"1352",NA,NA,NA,352,"RS",TRUE,2
"1353",NA,NA,NA,353,"RS",TRUE,2
"1354",0.0840308666229248,0.909838684817881,-0.191833477462461,354,"RS",TRUE,2
"1355",NA,NA,NA,355,"RS",TRUE,2
"1356",NA,NA,NA,356,"RS",TRUE,2
"1357",NA,NA,NA,357,"RS",TRUE,2
"1358",NA,NA,NA,358,"RS",TRUE,2
"1359",NA,NA,NA,359,"RS",TRUE,2
"1360",NA,NA,NA,360,"RS",TRUE,2
"1361",NA,NA,NA,361,"RS",TRUE,2
"1362",NA,NA,NA,362,"RS",TRUE,2
"1363",NA,NA,NA,363,"RS",TRUE,2
"1364",0.0861697196960449,1.94177339546274,-0.38687968967483,364,"RS",TRUE,2
"1365",NA,NA,NA,365,"RS",TRUE,2
"1366",NA,NA,NA,366,"RS",TRUE,2
"1367",0.086867094039917,1.49979025656544,-0.418561840282212,367,"RS",TRUE,2
"1368",NA,NA,NA,368,"RS",TRUE,2
"1369",0.0873486995697021,0.981250045484914,-0.837459726780349,369,"RS",TRUE,2
"1370",0.0876176357269287,1.20691765373466,-1.23602962913095,370,"RS",TRUE,2
"1371",NA,NA,NA,371,"RS",TRUE,2
"1372",0.0880959033966064,1.25943732059949,0.317287276951301,372,"RS",TRUE,2
"1373",NA,NA,NA,373,"RS",TRUE,2
"1374",NA,NA,NA,374,"RS",TRUE,2
"1375",NA,NA,NA,375,"RS",TRUE,2
"1376",NA,NA,NA,376,"RS",TRUE,2
"1377",NA,NA,NA,377,"RS",TRUE,2
"1378",NA,NA,NA,378,"RS",TRUE,2
"1379",NA,NA,NA,379,"RS",TRUE,2
"1380",NA,NA,NA,380,"RS",TRUE,2
"1381",NA,NA,NA,381,"RS",TRUE,2
"1382",NA,NA,NA,382,"RS",TRUE,2
"1383",NA,NA,NA,383,"RS",TRUE,2
"1384",NA,NA,NA,384,"RS",TRUE,2
"1385",0.0908915996551514,1.10860307733838,-0.0704014035409913,385,"RS",TRUE,2
"1386",NA,NA,NA,386,"RS",TRUE,2
"1387",NA,NA,NA,387,"RS",TRUE,2
"1388",0.0915751457214355,0.50595101792907,-1.10494389845665,388,"RS",TRUE,2
"1389",NA,NA,NA,389,"RS",TRUE,2
"1390",NA,NA,NA,390,"RS",TRUE,2
"1391",NA,NA,NA,391,"RS",TRUE,2
"1392",0.0924692153930664,0.599819216973455,-1.16741452834644,392,"RS",TRUE,2
"1393",NA,NA,NA,393,"RS",TRUE,2
"1394",NA,NA,NA,394,"RS",TRUE,2
"1395",NA,NA,NA,395,"RS",TRUE,2
"1396",NA,NA,NA,396,"RS",TRUE,2
"1397",0.0935685634613037,1.1142198709724,-0.0518584005098031,397,"RS",TRUE,2
"1398",0.0938389301300049,1.76572595465865,-0.38610893247627,398,"RS",TRUE,2
"1399",NA,NA,NA,399,"RS",TRUE,2
"1400",NA,NA,NA,400,"RS",TRUE,2
"1401",0.0945286750793457,0.883613217432819,-1.64200874971096,401,"RS",TRUE,2
"1402",NA,NA,NA,402,"RS",TRUE,2
"1403",0.0950107574462891,1.94341431970167,-0.554675709979256,403,"RS",TRUE,2
"1404",NA,NA,NA,404,"RS",TRUE,2
"1405",NA,NA,NA,405,"RS",TRUE,2
"1406",NA,NA,NA,406,"RS",TRUE,2
"1407",0.0959007740020752,1.8579688825006,-1.37632571717543,407,"RS",TRUE,2
"1408",0.0961687564849854,0.652862765718919,0.147550756913766,408,"RS",TRUE,2
"1409",NA,NA,NA,409,"RS",TRUE,2
"1410",NA,NA,NA,410,"RS",TRUE,2
"1411",NA,NA,NA,411,"RS",TRUE,2
"1412",0.0970642566680908,0.994016358971011,-0.25404094599685,412,"RS",TRUE,2
"1413",0.0973293781280518,1.09316682584229,0.164537544233833,413,"RS",TRUE,2
"1414",0.097599983215332,0.675454008013355,0.188215769082233,414,"RS",TRUE,2
"1415",NA,NA,NA,415,"RS",TRUE,2
"1416",NA,NA,NA,416,"RS",TRUE,2
"1417",NA,NA,NA,417,"RS",TRUE,2
"1418",NA,NA,NA,418,"RS",TRUE,2
"1419",0.0987057685852051,0.748119499725334,-0.450225290909924,419,"RS",TRUE,2
"1420",NA,NA,NA,420,"RS",TRUE,2
"1421",NA,NA,NA,421,"RS",TRUE,2
"1422",NA,NA,NA,422,"RS",TRUE,2
"1423",NA,NA,NA,423,"RS",TRUE,2
"1424",NA,NA,NA,424,"RS",TRUE,2
"1425",NA,NA,NA,425,"RS",TRUE,2
"1426",0.100223302841187,0.360741851864854,-0.314096496376514,426,"RS",TRUE,2
"1427",0.100492715835571,1.67223371207852,-0.837772317307424,427,"RS",TRUE,2
"1428",NA,NA,NA,428,"RS",TRUE,2
"1429",NA,NA,NA,429,"RS",TRUE,2
"1430",NA,NA,NA,430,"RS",TRUE,2
"1431",NA,NA,NA,431,"RS",TRUE,2
"1432",NA,NA,NA,432,"RS",TRUE,2
"1433",NA,NA,NA,433,"RS",TRUE,2
"1434",0.102008819580078,0.868522812630116,0.278065629579602,434,"RS",TRUE,2
"1435",NA,NA,NA,435,"RS",TRUE,2
"1436",NA,NA,NA,436,"RS",TRUE,2
"1437",NA,NA,NA,437,"RS",TRUE,2
"1438",NA,NA,NA,438,"RS",TRUE,2
"1439",NA,NA,NA,439,"RS",TRUE,2
"1440",NA,NA,NA,440,"RS",TRUE,2
"1441",NA,NA,NA,441,"RS",TRUE,2
"1442",NA,NA,NA,442,"RS",TRUE,2
"1443",NA,NA,NA,443,"RS",TRUE,2
"1444",NA,NA,NA,444,"RS",TRUE,2
"1445",0.104366064071655,1.11483162490318,-0.977957215390533,445,"RS",TRUE,2
"1446",NA,NA,NA,446,"RS",TRUE,2
"1447",NA,NA,NA,447,"RS",TRUE,2
"1448",NA,NA,NA,448,"RS",TRUE,2
"1449",NA,NA,NA,449,"RS",TRUE,2
"1450",NA,NA,NA,450,"RS",TRUE,2
"1451",NA,NA,NA,451,"RS",TRUE,2
"1452",NA,NA,NA,452,"RS",TRUE,2
"1453",NA,NA,NA,453,"RS",TRUE,2
"1454",0.182100772857666,1.82357814799276,-0.596999419267925,454,"RS",TRUE,2
"1455",NA,NA,NA,455,"RS",TRUE,2
"1456",NA,NA,NA,456,"RS",TRUE,2
"1457",NA,NA,NA,457,"RS",TRUE,2
"1458",0.183036804199219,0.27861185827769,-0.5555409930928,458,"RS",TRUE,2
"1459",NA,NA,NA,459,"RS",TRUE,2
"1460",NA,NA,NA,460,"RS",TRUE,2
"1461",NA,NA,NA,461,"RS",TRUE,2
"1462",0.183927297592163,1.37281484202876,-0.748787311228744,462,"RS",TRUE,2
"1463",0.184192419052124,0.48660089038042,0.104508982096811,463,"RS",TRUE,2
"1464",NA,NA,NA,464,"RS",TRUE,2
"1465",0.184654235839844,1.54799991109781,-0.964242748360813,465,"RS",TRUE,2
"1466",NA,NA,NA,466,"RS",TRUE,2
"1467",NA,NA,NA,467,"RS",TRUE,2
"1468",NA,NA,NA,468,"RS",TRUE,2
"1469",NA,NA,NA,469,"RS",TRUE,2
"1470",0.185730457305908,0.957360762364762,-0.407133845935331,470,"RS",TRUE,2
"1471",NA,NA,NA,471,"RS",TRUE,2
"1472",0.186190843582153,1.48754932686937,-0.655923609379186,472,"RS",TRUE,2
"1473",NA,NA,NA,473,"RS",TRUE,2
"1474",NA,NA,NA,474,"RS",TRUE,2
"1475",NA,NA,NA,475,"RS",TRUE,2
"1476",0.187065839767456,0.608018960151347,0.200137843490085,476,"RS",TRUE,2
"1477",NA,NA,NA,477,"RS",TRUE,2
"1478",0.187535047531128,0.357242227414044,-0.435278851132161,478,"RS",TRUE,2
"1479",NA,NA,NA,479,"RS",TRUE,2
"1480",NA,NA,NA,480,"RS",TRUE,2
"1481",0.188196897506714,0.732566531605049,-0.0709980313841323,481,"RS",TRUE,2
"1482",0.188458442687988,0.42834855633935,-0.311807229181945,482,"RS",TRUE,2
"1483",0.188731908798218,0.871349534455731,-0.06013947396025,483,"RS",TRUE,2
"1484",0.188991785049438,0.741890537666222,-0.942849280467739,484,"RS",TRUE,2
"1485",NA,NA,NA,485,"RS",TRUE,2
"1486",NA,NA,NA,486,"RS",TRUE,2
"1487",0.189659118652344,0.997332717348049,-0.632196510713994,487,"RS",TRUE,2
"1488",NA,NA,NA,488,"RS",TRUE,2
"1489",0.190124750137329,0.439870834612844,-0.970956017801803,489,"RS",TRUE,2
"1490",NA,NA,NA,490,"RS",TRUE,2
"1491",NA,NA,NA,491,"RS",TRUE,2
"1492",0.190804719924927,0.627847066192193,-0.334541575211798,492,"RS",TRUE,2
"1493",0.191071271896362,1.36346812655489,-0.718075622003993,493,"RS",TRUE,2
"1494",0.191328763961792,0.466782946439588,-0.32757730078614,494,"RS",TRUE,2
"1495",0.191586494445801,1.12316561471581,-1.13433432760679,495,"RS",TRUE,2
"1496",NA,NA,NA,496,"RS",TRUE,2
"1497",NA,NA,NA,497,"RS",TRUE,2
"1498",NA,NA,NA,498,"RS",TRUE,2
"1499",NA,NA,NA,499,"RS",TRUE,2
"1500",NA,NA,NA,500,"RS",TRUE,2
"1501",0.192879438400269,2.41284297925695,-1.05856526175397,501,"RS",TRUE,2
"1502",NA,NA,NA,502,"RS",TRUE,2
"1503",0.193354606628418,1.80266863325195,-0.308085071173794,503,"RS",TRUE,2
"1504",NA,NA,NA,504,"RS",TRUE,2
"1505",0.193812608718872,0.716709332977976,-0.917968225780563,505,"RS",TRUE,2
"1506",NA,NA,NA,506,"RS",TRUE,2
"1507",NA,NA,NA,507,"RS",TRUE,2
"1508",NA,NA,NA,508,"RS",TRUE,2
"1509",NA,NA,NA,509,"RS",TRUE,2
"1510",NA,NA,NA,510,"RS",TRUE,2
"1511",0.19511079788208,1.09524351247928,-0.312976079313243,511,"RS",TRUE,2
"1512",NA,NA,NA,512,"RS",TRUE,2
"1513",NA,NA,NA,513,"RS",TRUE,2
"1514",NA,NA,NA,514,"RS",TRUE,2
"1515",0.195983171463013,0.778935747459124,-0.714867547673175,515,"RS",TRUE,2
"1516",NA,NA,NA,516,"RS",TRUE,2
"1517",NA,NA,NA,517,"RS",TRUE,2
"1518",NA,NA,NA,518,"RS",TRUE,2
"1519",NA,NA,NA,519,"RS",TRUE,2
"1520",NA,NA,NA,520,"RS",TRUE,2
"1521",NA,NA,NA,521,"RS",TRUE,2
"1522",NA,NA,NA,522,"RS",TRUE,2
"1523",NA,NA,NA,523,"RS",TRUE,2
"1524",0.197874546051025,1.2367532858293,-0.411266897362903,524,"RS",TRUE,2
"1525",NA,NA,NA,525,"RS",TRUE,2
"1526",0.198346853256226,0.713323645800485,-1.09155075842353,526,"RS",TRUE,2
"1527",NA,NA,NA,527,"RS",TRUE,2
"1528",NA,NA,NA,528,"RS",TRUE,2
"1529",NA,NA,NA,529,"RS",TRUE,2
"1530",NA,NA,NA,530,"RS",TRUE,2
"1531",0.199444770812988,0.631710180161452,-0.247545262584024,531,"RS",TRUE,2
"1532",NA,NA,NA,532,"RS",TRUE,2
"1533",NA,NA,NA,533,"RS",TRUE,2
"1534",NA,NA,NA,534,"RS",TRUE,2
"1535",NA,NA,NA,535,"RS",TRUE,2
"1536",NA,NA,NA,536,"RS",TRUE,2
"1537",NA,NA,NA,537,"RS",TRUE,2
"1538",NA,NA,NA,538,"RS",TRUE,2
"1539",0.201147079467773,0.694891716155097,-0.380155893081035,539,"RS",TRUE,2
"1540",NA,NA,NA,540,"RS",TRUE,2
"1541",NA,NA,NA,541,"RS",TRUE,2
"1542",0.201828241348267,1.2131321857641,0.283785613706999,542,"RS",TRUE,2
"1543",NA,NA,NA,543,"RS",TRUE,2
"1544",NA,NA,NA,544,"RS",TRUE,2
"1545",NA,NA,NA,545,"RS",TRUE,2
"1546",NA,NA,NA,546,"RS",TRUE,2
"1547",NA,NA,NA,547,"RS",TRUE,2
"1548",0.203136205673218,1.52691556787353,0.275444431299887,548,"RS",TRUE,2
"1549",NA,NA,NA,549,"RS",TRUE,2
"1550",NA,NA,NA,550,"RS",TRUE,2
"1551",0.203811407089233,0.689872558197219,-0.229244474470266,551,"RS",TRUE,2
"1552",NA,NA,NA,552,"RS",TRUE,2
"1553",NA,NA,NA,553,"RS",TRUE,2
"1554",NA,NA,NA,554,"RS",TRUE,2
"1555",NA,NA,NA,555,"RS",TRUE,2
"1556",NA,NA,NA,556,"RS",TRUE,2
"1557",0.205107688903809,0.532136747793574,-0.638213577756366,557,"RS",TRUE,2
"1558",0.205389976501465,0.308907969229222,-0.80395926378642,558,"RS",TRUE,2
"1559",NA,NA,NA,559,"RS",TRUE,2
"1560",NA,NA,NA,560,"RS",TRUE,2
"1561",0.206070184707642,1.67187568280021,-1.04392429094029,561,"RS",TRUE,2
"1562",NA,NA,NA,562,"RS",TRUE,2
"1563",NA,NA,NA,563,"RS",TRUE,2
"1564",NA,NA,NA,564,"RS",TRUE,2
"1565",NA,NA,NA,565,"RS",TRUE,2
"1566",NA,NA,NA,566,"RS",TRUE,2
"1567",0.207370281219482,0.674183818503004,-0.345368890015909,567,"RS",TRUE,2
"1568",0.207642316818237,1.15339710593604,-0.545818523926217,568,"RS",TRUE,2
"1569",NA,NA,NA,569,"RS",TRUE,2
"1570",NA,NA,NA,570,"RS",TRUE,2
"1571",0.20831298828125,0.428986669906194,-0.590948230472916,571,"RS",TRUE,2
"1572",NA,NA,NA,572,"RS",TRUE,2
"1573",NA,NA,NA,573,"RS",TRUE,2
"1574",NA,NA,NA,574,"RS",TRUE,2
"1575",NA,NA,NA,575,"RS",TRUE,2
"1576",NA,NA,NA,576,"RS",TRUE,2
"1577",NA,NA,NA,577,"RS",TRUE,2
"1578",NA,NA,NA,578,"RS",TRUE,2
"1579",NA,NA,NA,579,"RS",TRUE,2
"1580",NA,NA,NA,580,"RS",TRUE,2
"1581",0.210406541824341,0.534145280363412,0.120825986281677,581,"RS",TRUE,2
"1582",NA,NA,NA,582,"RS",TRUE,2
"1583",NA,NA,NA,583,"RS",TRUE,2
"1584",NA,NA,NA,584,"RS",TRUE,2
"1585",NA,NA,NA,585,"RS",TRUE,2
"1586",NA,NA,NA,586,"RS",TRUE,2
"1587",NA,NA,NA,587,"RS",TRUE,2
"1588",0.211934566497803,0.846482364794504,-1.5677190175727,588,"RS",TRUE,2
"1589",0.212223291397095,2.02132932388618,-0.765667436409908,589,"RS",TRUE,2
"1590",NA,NA,NA,590,"RS",TRUE,2
"1591",NA,NA,NA,591,"RS",TRUE,2
"1592",NA,NA,NA,592,"RS",TRUE,2
"1593",NA,NA,NA,593,"RS",TRUE,2
"1594",NA,NA,NA,594,"RS",TRUE,2
"1595",NA,NA,NA,595,"RS",TRUE,2
"1596",0.213748931884766,0.768427331254946,-0.94273586428264,596,"RS",TRUE,2
"1597",0.214019536972046,0.546449280853714,-0.0262972377478465,597,"RS",TRUE,2
"1598",0.214288949966431,0.816867790552968,-0.657207398386642,598,"RS",TRUE,2
"1599",NA,NA,NA,599,"RS",TRUE,2
"1600",0.214772462844849,0.872446224558831,-0.199912761667683,600,"RS",TRUE,2
"1601",NA,NA,NA,601,"RS",TRUE,2
"1602",NA,NA,NA,602,"RS",TRUE,2
"1603",NA,NA,NA,603,"RS",TRUE,2
"1604",NA,NA,NA,604,"RS",TRUE,2
"1605",NA,NA,NA,605,"RS",TRUE,2
"1606",NA,NA,NA,606,"RS",TRUE,2
"1607",0.216311931610107,1.45238045781909,-1.43458491687814,607,"RS",TRUE,2
"1608",NA,NA,NA,608,"RS",TRUE,2
"1609",NA,NA,NA,609,"RS",TRUE,2
"1610",0.217029809951782,1.93630342985961,-1.14379637214404,610,"RS",TRUE,2
"1611",NA,NA,NA,611,"RS",TRUE,2
"1612",NA,NA,NA,612,"RS",TRUE,2
"1613",NA,NA,NA,613,"RS",TRUE,2
"1614",NA,NA,NA,614,"RS",TRUE,2
"1615",0.218147039413452,1.51258104251011,-0.420072756084092,615,"RS",TRUE,2
"1616",NA,NA,NA,616,"RS",TRUE,2
"1617",NA,NA,NA,617,"RS",TRUE,2
"1618",NA,NA,NA,618,"RS",TRUE,2
"1619",NA,NA,NA,619,"RS",TRUE,2
"1620",NA,NA,NA,620,"RS",TRUE,2
"1621",NA,NA,NA,621,"RS",TRUE,2
"1622",NA,NA,NA,622,"RS",TRUE,2
"1623",0.219901561737061,1.35538987638169,0.299295823611957,623,"RS",TRUE,2
"1624",NA,NA,NA,624,"RS",TRUE,2
"1625",NA,NA,NA,625,"RS",TRUE,2
"1626",0.2205970287323,0.672836237912561,-0.525451889134473,626,"RS",TRUE,2
"1627",0.22087025642395,1.08524649814996,-0.840259091289965,627,"RS",TRUE,2
"1628",NA,NA,NA,628,"RS",TRUE,2
"1629",NA,NA,NA,629,"RS",TRUE,2
"1630",NA,NA,NA,630,"RS",TRUE,2
"1631",0.221774816513062,0.910133705452527,-1.55858324469386,631,"RS",TRUE,2
"1632",NA,NA,NA,632,"RS",TRUE,2
"1633",NA,NA,NA,633,"RS",TRUE,2
"1634",NA,NA,NA,634,"RS",TRUE,2
"1635",NA,NA,NA,635,"RS",TRUE,2
"1636",NA,NA,NA,636,"RS",TRUE,2
"1637",NA,NA,NA,637,"RS",TRUE,2
"1638",NA,NA,NA,638,"RS",TRUE,2
"1639",NA,NA,NA,639,"RS",TRUE,2
"1640",NA,NA,NA,640,"RS",TRUE,2
"1641",NA,NA,NA,641,"RS",TRUE,2
"1642",NA,NA,NA,642,"RS",TRUE,2
"1643",NA,NA,NA,643,"RS",TRUE,2
"1644",NA,NA,NA,644,"RS",TRUE,2
"1645",NA,NA,NA,645,"RS",TRUE,2
"1646",0.22501802444458,1.53987350400854,-1.4236421999002,646,"RS",TRUE,2
"1647",NA,NA,NA,647,"RS",TRUE,2
"1648",0.225503921508789,0.777980158619122,-1.35692205026133,648,"RS",TRUE,2
"1649",NA,NA,NA,649,"RS",TRUE,2
"1650",NA,NA,NA,650,"RS",TRUE,2
"1651",0.226195573806763,0.64260355812359,-0.206942603139907,651,"RS",TRUE,2
"1652",NA,NA,NA,652,"RS",TRUE,2
"1653",NA,NA,NA,653,"RS",TRUE,2
"1654",NA,NA,NA,654,"RS",TRUE,2
"1655",NA,NA,NA,655,"RS",TRUE,2
"1656",0.227299690246582,0.696258830972677,-0.72294714145001,656,"RS",TRUE,2
"1657",NA,NA,NA,657,"RS",TRUE,2
"1658",0.227778196334839,0.917419970137987,-0.953870506971855,658,"RS",TRUE,2
"1659",0.228051662445068,1.59372292785547,0.0250740994339698,659,"RS",TRUE,2
"1660",NA,NA,NA,660,"RS",TRUE,2
"1661",NA,NA,NA,661,"RS",TRUE,2
"1662",NA,NA,NA,662,"RS",TRUE,2
"1663",NA,NA,NA,663,"RS",TRUE,2
"1664",NA,NA,NA,664,"RS",TRUE,2
"1665",0.229375600814819,0.563754822678312,-0.405212349200696,665,"RS",TRUE,2
"1666",NA,NA,NA,666,"RS",TRUE,2
"1667",NA,NA,NA,667,"RS",TRUE,2
"1668",NA,NA,NA,668,"RS",TRUE,2
"1669",NA,NA,NA,669,"RS",TRUE,2
"1670",NA,NA,NA,670,"RS",TRUE,2
"1671",0.230703592300415,0.796934986117361,-1.4006212747999,671,"RS",TRUE,2
"1672",NA,NA,NA,672,"RS",TRUE,2
"1673",NA,NA,NA,673,"RS",TRUE,2
"1674",NA,NA,NA,674,"RS",TRUE,2
"1675",0.231603384017944,1.03472991254404,-1.40573605355768,675,"RS",TRUE,2
"1676",0.231874704360962,0.34994639289192,-0.204238014154115,676,"RS",TRUE,2
"1677",NA,NA,NA,677,"RS",TRUE,2
"1678",0.232351303100586,1.58472269969819,-0.907794740163201,678,"RS",TRUE,2
"1679",NA,NA,NA,679,"RS",TRUE,2
"1680",NA,NA,NA,680,"RS",TRUE,2
"1681",NA,NA,NA,681,"RS",TRUE,2
"1682",0.233240365982056,1.30049703823448,-0.611613907051662,682,"RS",TRUE,2
"1683",NA,NA,NA,683,"RS",TRUE,2
"1684",NA,NA,NA,684,"RS",TRUE,2
"1685",NA,NA,NA,685,"RS",TRUE,2
"1686",0.23412823677063,0.366711229156258,-0.589307939344122,686,"RS",TRUE,2
"1687",NA,NA,NA,687,"RS",TRUE,2
"1688",0.234610080718994,2.23765841316675,-0.266638718326113,688,"RS",TRUE,2
"1689",NA,NA,NA,689,"RS",TRUE,2
"1690",NA,NA,NA,690,"RS",TRUE,2
"1691",NA,NA,NA,691,"RS",TRUE,2
"1692",NA,NA,NA,692,"RS",TRUE,2
"1693",NA,NA,NA,693,"RS",TRUE,2
"1694",NA,NA,NA,694,"RS",TRUE,2
"1695",0.23612380027771,0.699436313835523,-0.938059840523223,695,"RS",TRUE,2
"1696",0.236391544342041,1.37904987384435,0.265240016564791,696,"RS",TRUE,2
"1697",NA,NA,NA,697,"RS",TRUE,2
"1698",NA,NA,NA,698,"RS",TRUE,2
"1699",NA,NA,NA,699,"RS",TRUE,2
"1700",0.237277746200562,1.01717920062398,-1.15962886489693,700,"RS",TRUE,2
"1701",0.237542629241943,0.477625470247258,-0.511543582267424,701,"RS",TRUE,2
"1702",0.237808227539062,1.47629332458368,-0.842355063980521,702,"RS",TRUE,2
"1703",0.238073825836182,0.822687644867462,-0.582757959457878,703,"RS",TRUE,2
"1704",NA,NA,NA,704,"RS",TRUE,2
"1705",NA,NA,NA,705,"RS",TRUE,2
"1706",NA,NA,NA,706,"RS",TRUE,2
"1707",NA,NA,NA,707,"RS",TRUE,2
"1708",NA,NA,NA,708,"RS",TRUE,2
"1709",NA,NA,NA,709,"RS",TRUE,2
"1710",NA,NA,NA,710,"RS",TRUE,2
"1711",NA,NA,NA,711,"RS",TRUE,2
"1712",NA,NA,NA,712,"RS",TRUE,2
"1713",NA,NA,NA,713,"RS",TRUE,2
"1714",0.240439176559448,0.51221822402796,-0.204135287376422,714,"RS",TRUE,2
"1715",0.240708827972412,1.82405579883076,-0.533398021528245,715,"RS",TRUE,2
"1716",0.240990161895752,0.418100237642434,-0.00123088878284224,716,"RS",TRUE,2
"1717",NA,NA,NA,717,"RS",TRUE,2
"1718",0.241462469100952,1.29582262908835,0.432576654335681,718,"RS",TRUE,2
"1719",NA,NA,NA,719,"RS",TRUE,2
"1720",NA,NA,NA,720,"RS",TRUE,2
"1721",NA,NA,NA,721,"RS",TRUE,2
"1722",0.242355823516846,0.567077648159121,-0.220793888303236,722,"RS",TRUE,2
"1723",NA,NA,NA,723,"RS",TRUE,2
"1724",NA,NA,NA,724,"RS",TRUE,2
"1725",0.243050336837769,1.89781848145898,-0.295142302914969,725,"RS",TRUE,2
"1726",NA,NA,NA,726,"RS",TRUE,2
"1727",NA,NA,NA,727,"RS",TRUE,2
"1728",NA,NA,NA,728,"RS",TRUE,2
"1729",NA,NA,NA,729,"RS",TRUE,2
"1730",NA,NA,NA,730,"RS",TRUE,2
"1731",NA,NA,NA,731,"RS",TRUE,2
"1732",NA,NA,NA,732,"RS",TRUE,2
"1733",NA,NA,NA,733,"RS",TRUE,2
"1734",NA,NA,NA,734,"RS",TRUE,2
"1735",NA,NA,NA,735,"RS",TRUE,2
"1736",NA,NA,NA,736,"RS",TRUE,2
"1737",0.245582818984985,1.37633332766777,-0.177935692731388,737,"RS",TRUE,2
"1738",NA,NA,NA,738,"RS",TRUE,2
"1739",NA,NA,NA,739,"RS",TRUE,2
"1740",NA,NA,NA,740,"RS",TRUE,2
"1741",0.246469020843506,1.62188054335237,-0.957866376009934,741,"RS",TRUE,2
"1742",NA,NA,NA,742,"RS",TRUE,2
"1743",NA,NA,NA,743,"RS",TRUE,2
"1744",0.247161149978638,0.877657445817254,-0.728107897888376,744,"RS",TRUE,2
"1745",NA,NA,NA,745,"RS",TRUE,2
"1746",NA,NA,NA,746,"RS",TRUE,2
"1747",NA,NA,NA,747,"RS",TRUE,2
"1748",NA,NA,NA,748,"RS",TRUE,2
"1749",NA,NA,NA,749,"RS",TRUE,2
"1750",NA,NA,NA,750,"RS",TRUE,2
"1751",NA,NA,NA,751,"RS",TRUE,2
"1752",NA,NA,NA,752,"RS",TRUE,2
"1753",NA,NA,NA,753,"RS",TRUE,2
"1754",NA,NA,NA,754,"RS",TRUE,2
"1755",NA,NA,NA,755,"RS",TRUE,2
"1756",0.24970006942749,0.801384293010896,-0.6733568018631,756,"RS",TRUE,2
"1757",0.249970436096191,1.42642957021127,-0.91835478898061,757,"RS",TRUE,2
"1758",NA,NA,NA,758,"RS",TRUE,2
"1759",0.250442743301392,0.667226791458068,-0.393816347361326,759,"RS",TRUE,2
"1760",NA,NA,NA,760,"RS",TRUE,2
"1761",NA,NA,NA,761,"RS",TRUE,2
"1762",NA,NA,NA,762,"RS",TRUE,2
"1763",0.251342296600342,1.61637938897277,-0.0965725341601121,763,"RS",TRUE,2
"1764",NA,NA,NA,764,"RS",TRUE,2
"1765",NA,NA,NA,765,"RS",TRUE,2
"1766",NA,NA,NA,766,"RS",TRUE,2
"1767",NA,NA,NA,767,"RS",TRUE,2
"1768",NA,NA,NA,768,"RS",TRUE,2
"1769",NA,NA,NA,769,"RS",TRUE,2
"1770",NA,NA,NA,770,"RS",TRUE,2
"1771",0.253078699111938,0.971975099647514,-0.586891206343863,771,"RS",TRUE,2
"1772",0.253347635269165,1.91077454673104,-1.13194527742976,772,"RS",TRUE,2
"1773",NA,NA,NA,773,"RS",TRUE,2
"1774",NA,NA,NA,774,"RS",TRUE,2
"1775",NA,NA,NA,775,"RS",TRUE,2
"1776",NA,NA,NA,776,"RS",TRUE,2
"1777",NA,NA,NA,777,"RS",TRUE,2
"1778",0.254650592803955,1.0763463227562,-1.26006282781162,778,"RS",TRUE,2
"1779",0.254920244216919,1.46312810584145,0.220987331562232,779,"RS",TRUE,2
"1780",NA,NA,NA,780,"RS",TRUE,2
"1781",NA,NA,NA,781,"RS",TRUE,2
"1782",0.255612850189209,0.713145371846013,-1.0051516354882,782,"RS",TRUE,2
"1783",0.255881309509277,1.79565976042793,-0.726540036732574,783,"RS",TRUE,2
"1784",NA,NA,NA,784,"RS",TRUE,2
"1785",NA,NA,NA,785,"RS",TRUE,2
"1786",NA,NA,NA,786,"RS",TRUE,2
"1787",NA,NA,NA,787,"RS",TRUE,2
"1788",0.256980180740356,1.96219205688264,0.025431574045856,788,"RS",TRUE,2
"1789",0.257248163223267,0.869030834446831,0.171581602788572,789,"RS",TRUE,2
"1790",NA,NA,NA,790,"RS",TRUE,2
"1791",NA,NA,NA,791,"RS",TRUE,2
"1792",0.257945537567139,1.59705117000082,-1.02428630060084,792,"RS",TRUE,2
"1793",NA,NA,NA,793,"RS",TRUE,2
"1794",NA,NA,NA,794,"RS",TRUE,2
"1795",0.258630752563477,2.01487698264539,-2.17054622127331,795,"RS",TRUE,2
"1796",NA,NA,NA,796,"RS",TRUE,2
"1797",NA,NA,NA,797,"RS",TRUE,2
"1798",NA,NA,NA,798,"RS",TRUE,2
"1799",0.259526014328003,0.860437434780252,-0.513093649577524,799,"RS",TRUE,2
"1800",NA,NA,NA,800,"RS",TRUE,2
"1801",NA,NA,NA,801,"RS",TRUE,2
"1802",NA,NA,NA,802,"RS",TRUE,2
"1803",NA,NA,NA,803,"RS",TRUE,2
"1804",NA,NA,NA,804,"RS",TRUE,2
"1805",NA,NA,NA,805,"RS",TRUE,2
"1806",NA,NA,NA,806,"RS",TRUE,2
"1807",NA,NA,NA,807,"RS",TRUE,2
"1808",NA,NA,NA,808,"RS",TRUE,2
"1809",NA,NA,NA,809,"RS",TRUE,2
"1810",NA,NA,NA,810,"RS",TRUE,2
"1811",0.26207160949707,1.487128216101,-0.570779958619163,811,"RS",TRUE,2
"1812",0.262341976165771,1.33883404346856,-1.24633098565805,812,"RS",TRUE,2
"1813",NA,NA,NA,813,"RS",TRUE,2
"1814",NA,NA,NA,814,"RS",TRUE,2
"1815",NA,NA,NA,815,"RS",TRUE,2
"1816",NA,NA,NA,816,"RS",TRUE,2
"1817",NA,NA,NA,817,"RS",TRUE,2
"1818",NA,NA,NA,818,"RS",TRUE,2
"1819",NA,NA,NA,819,"RS",TRUE,2
"1820",NA,NA,NA,820,"RS",TRUE,2
"1821",NA,NA,NA,821,"RS",TRUE,2
"1822",NA,NA,NA,822,"RS",TRUE,2
"1823",NA,NA,NA,823,"RS",TRUE,2
"1824",0.264897346496582,1.0421011604429,-0.730340103039817,824,"RS",TRUE,2
"1825",NA,NA,NA,825,"RS",TRUE,2
"1826",NA,NA,NA,826,"RS",TRUE,2
"1827",NA,NA,NA,827,"RS",TRUE,2
"1828",NA,NA,NA,828,"RS",TRUE,2
"1829",0.265991926193237,0.741867093907149,-0.484620823591501,829,"RS",TRUE,2
"1830",NA,NA,NA,830,"RS",TRUE,2
"1831",NA,NA,NA,831,"RS",TRUE,2
"1832",NA,NA,NA,832,"RS",TRUE,2
"1833",0.266887426376343,1.01296923017948,-0.739964071657679,833,"RS",TRUE,2
"1834",0.26715874671936,0.903114101215799,-1.69382476707729,834,"RS",TRUE,2
"1835",NA,NA,NA,835,"RS",TRUE,2
"1836",NA,NA,NA,836,"RS",TRUE,2
"1837",NA,NA,NA,837,"RS",TRUE,2
"1838",NA,NA,NA,838,"RS",TRUE,2
"1839",NA,NA,NA,839,"RS",TRUE,2
"1840",NA,NA,NA,840,"RS",TRUE,2
"1841",NA,NA,NA,841,"RS",TRUE,2
"1842",NA,NA,NA,842,"RS",TRUE,2
"1843",0.269092559814453,0.895833343062307,-0.937553197459803,843,"RS",TRUE,2
"1844",NA,NA,NA,844,"RS",TRUE,2
"1845",NA,NA,NA,845,"RS",TRUE,2
"1846",0.269782781600952,0.614120486114483,-0.605612908477909,846,"RS",TRUE,2
"1847",NA,NA,NA,847,"RS",TRUE,2
"1848",NA,NA,NA,848,"RS",TRUE,2
"1849",NA,NA,NA,849,"RS",TRUE,2
"1850",NA,NA,NA,850,"RS",TRUE,2
"1851",NA,NA,NA,851,"RS",TRUE,2
"1852",NA,NA,NA,852,"RS",TRUE,2
"1853",NA,NA,NA,853,"RS",TRUE,2
"1854",0.271509408950806,2.03565364438217,-2.17546578220592,854,"RS",TRUE,2
"1855",NA,NA,NA,855,"RS",TRUE,2
"1856",NA,NA,NA,856,"RS",TRUE,2
"1857",0.272210121154785,1.20733871392683,-0.176985125243786,857,"RS",TRUE,2
"1858",NA,NA,NA,858,"RS",TRUE,2
"1859",0.27268648147583,1.01004642097415,0.240553363386781,859,"RS",TRUE,2
"1860",NA,NA,NA,860,"RS",TRUE,2
"1861",0.273161649703979,0.262320151752232,-0.337890470207461,861,"RS",TRUE,2
"1862",NA,NA,NA,862,"RS",TRUE,2
"1863",NA,NA,NA,863,"RS",TRUE,2
"1864",NA,NA,NA,864,"RS",TRUE,2
"1865",NA,NA,NA,865,"RS",TRUE,2
"1866",NA,NA,NA,866,"RS",TRUE,2
"1867",0.274477958679199,0.864092614892187,-0.186124136955803,867,"RS",TRUE,2
"1868",0.274755239486694,1.67375948281793,-1.1719884855157,868,"RS",TRUE,2
"1869",NA,NA,NA,869,"RS",TRUE,2
"1870",NA,NA,NA,870,"RS",TRUE,2
"1871",NA,NA,NA,871,"RS",TRUE,2
"1872",NA,NA,NA,872,"RS",TRUE,2
"1873",NA,NA,NA,873,"RS",TRUE,2
"1874",NA,NA,NA,874,"RS",TRUE,2
"1875",NA,NA,NA,875,"RS",TRUE,2
"1876",NA,NA,NA,876,"RS",TRUE,2
"1877",NA,NA,NA,877,"RS",TRUE,2
"1878",NA,NA,NA,878,"RS",TRUE,2
"1879",NA,NA,NA,879,"RS",TRUE,2
"1880",0.277329206466675,0.365417600486374,-0.322463785880002,880,"RS",TRUE,2
"1881",NA,NA,NA,881,"RS",TRUE,2
"1882",NA,NA,NA,882,"RS",TRUE,2
"1883",NA,NA,NA,883,"RS",TRUE,2
"1884",NA,NA,NA,884,"RS",TRUE,2
"1885",NA,NA,NA,885,"RS",TRUE,2
"1886",0.278628587722778,0.650773137988594,-0.990252915904794,886,"RS",TRUE,2
"1887",NA,NA,NA,887,"RS",TRUE,2
"1888",NA,NA,NA,888,"RS",TRUE,2
"1889",NA,NA,NA,889,"RS",TRUE,2
"1890",NA,NA,NA,890,"RS",TRUE,2
"1891",NA,NA,NA,891,"RS",TRUE,2
"1892",NA,NA,NA,892,"RS",TRUE,2
"1893",NA,NA,NA,893,"RS",TRUE,2
"1894",0.28035044670105,0.303582304559263,-0.56652210110552,894,"RS",TRUE,2
"1895",NA,NA,NA,895,"RS",TRUE,2
"1896",0.284423828125,1.39379598528139,0.0127985878549006,896,"RS",TRUE,2
"1897",NA,NA,NA,897,"RS",TRUE,2
"1898",NA,NA,NA,898,"RS",TRUE,2
"1899",NA,NA,NA,899,"RS",TRUE,2
"1900",0.285353183746338,1.42421891543307,-0.0488559172470366,900,"RS",TRUE,2
"1901",NA,NA,NA,901,"RS",TRUE,2
"1902",NA,NA,NA,902,"RS",TRUE,2
"1903",NA,NA,NA,903,"RS",TRUE,2
"1904",0.286235809326172,0.616691178867297,0.190466618722497,904,"RS",TRUE,2
"1905",NA,NA,NA,905,"RS",TRUE,2
"1906",NA,NA,NA,906,"RS",TRUE,2
"1907",NA,NA,NA,907,"RS",TRUE,2
"1908",NA,NA,NA,908,"RS",TRUE,2
"1909",NA,NA,NA,909,"RS",TRUE,2
"1910",NA,NA,NA,910,"RS",TRUE,2
"1911",NA,NA,NA,911,"RS",TRUE,2
"1912",NA,NA,NA,912,"RS",TRUE,2
"1913",NA,NA,NA,913,"RS",TRUE,2
"1914",NA,NA,NA,914,"RS",TRUE,2
"1915",NA,NA,NA,915,"RS",TRUE,2
"1916",0.288848638534546,0.972264993733933,-1.2451205153907,916,"RS",TRUE,2
"1917",NA,NA,NA,917,"RS",TRUE,2
"1918",0.289315938949585,0.903591904722891,-0.201411794718122,918,"RS",TRUE,2
"1919",NA,NA,NA,919,"RS",TRUE,2
"1920",0.289781332015991,0.663810443986452,-0.117277497213643,920,"RS",TRUE,2
"1921",NA,NA,NA,921,"RS",TRUE,2
"1922",NA,NA,NA,922,"RS",TRUE,2
"1923",NA,NA,NA,923,"RS",TRUE,2
"1924",NA,NA,NA,924,"RS",TRUE,2
"1925",0.2908616065979,0.337488495622426,-0.711949498713464,925,"RS",TRUE,2
"1926",NA,NA,NA,926,"RS",TRUE,2
"1927",NA,NA,NA,927,"RS",TRUE,2
"1928",NA,NA,NA,928,"RS",TRUE,2
"1929",NA,NA,NA,929,"RS",TRUE,2
"1930",NA,NA,NA,930,"RS",TRUE,2
"1931",NA,NA,NA,931,"RS",TRUE,2
"1932",NA,NA,NA,932,"RS",TRUE,2
"1933",NA,NA,NA,933,"RS",TRUE,2
"1934",NA,NA,NA,934,"RS",TRUE,2
"1935",NA,NA,NA,935,"RS",TRUE,2
"1936",NA,NA,NA,936,"RS",TRUE,2
"1937",NA,NA,NA,937,"RS",TRUE,2
"1938",NA,NA,NA,938,"RS",TRUE,2
"1939",NA,NA,NA,939,"RS",TRUE,2
"1940",NA,NA,NA,940,"RS",TRUE,2
"1941",NA,NA,NA,941,"RS",TRUE,2
"1942",0.294358253479004,0.288573836654986,-0.748894702134787,942,"RS",TRUE,2
"1943",0.294625520706177,1.55284172426162,-0.300907251266371,943,"RS",TRUE,2
"1944",NA,NA,NA,944,"RS",TRUE,2
"1945",NA,NA,NA,945,"RS",TRUE,2
"1946",0.295302867889404,1.84261486296166,-0.788228746409561,946,"RS",TRUE,2
"1947",NA,NA,NA,947,"RS",TRUE,2
"1948",0.295773029327393,0.76939451646955,-0.371702165797478,948,"RS",TRUE,2
"1949",NA,NA,NA,949,"RS",TRUE,2
"1950",NA,NA,NA,950,"RS",TRUE,2
"1951",NA,NA,NA,951,"RS",TRUE,2
"1952",NA,NA,NA,952,"RS",TRUE,2
"1953",NA,NA,NA,953,"RS",TRUE,2
"1954",0.297080516815186,1.05100623809478,-0.684023164141029,954,"RS",TRUE,2
"1955",NA,NA,NA,955,"RS",TRUE,2
"1956",NA,NA,NA,956,"RS",TRUE,2
"1957",0.297749280929565,0.951258632740868,-0.700388198102251,957,"RS",TRUE,2
"1958",0.298022747039795,1.70469016658689,-0.596418088568733,958,"RS",TRUE,2
"1959",NA,NA,NA,959,"RS",TRUE,2
"1960",NA,NA,NA,960,"RS",TRUE,2
"1961",NA,NA,NA,961,"RS",TRUE,2
"1962",0.298921346664429,1.57800303412134,-2.06380507059399,962,"RS",TRUE,2
"1963",NA,NA,NA,963,"RS",TRUE,2
"1964",NA,NA,NA,964,"RS",TRUE,2
"1965",0.29959511756897,1.9016081271753,-0.70486372353784,965,"RS",TRUE,2
"1966",NA,NA,NA,966,"RS",TRUE,2
"1967",NA,NA,NA,967,"RS",TRUE,2
"1968",NA,NA,NA,968,"RS",TRUE,2
"1969",NA,NA,NA,969,"RS",TRUE,2
"1970",NA,NA,NA,970,"RS",TRUE,2
"1971",NA,NA,NA,971,"RS",TRUE,2
"1972",NA,NA,NA,972,"RS",TRUE,2
"1973",NA,NA,NA,973,"RS",TRUE,2
"1974",NA,NA,NA,974,"RS",TRUE,2
"1975",NA,NA,NA,975,"RS",TRUE,2
"1976",NA,NA,NA,976,"RS",TRUE,2
"1977",NA,NA,NA,977,"RS",TRUE,2
"1978",NA,NA,NA,978,"RS",TRUE,2
"1979",NA,NA,NA,979,"RS",TRUE,2
"1980",0.302786588668823,0.693976737687424,-0.770806553666779,980,"RS",TRUE,2
"1981",0.303069353103638,1.42699696057721,0.0987594512277773,981,"RS",TRUE,2
"1982",0.303340196609497,1.5763762369091,-0.684698039518222,982,"RS",TRUE,2
"1983",NA,NA,NA,983,"RS",TRUE,2
"1984",NA,NA,NA,984,"RS",TRUE,2
"1985",NA,NA,NA,985,"RS",TRUE,2
"1986",NA,NA,NA,986,"RS",TRUE,2
"1987",0.304452896118164,0.614478661453173,-0.929767632394343,987,"RS",TRUE,2
"1988",0.304728269577026,1.00976192073776,0.0966881796736175,988,"RS",TRUE,2
"1989",0.304999589920044,0.765949687092907,-0.537143106625764,989,"RS",TRUE,2
"1990",NA,NA,NA,990,"RS",TRUE,2
"1991",NA,NA,NA,991,"RS",TRUE,2
"1992",NA,NA,NA,992,"RS",TRUE,2
"1993",NA,NA,NA,993,"RS",TRUE,2
"1994",NA,NA,NA,994,"RS",TRUE,2
"1995",0.306334495544434,1.62430142344103,0.100727145381522,995,"RS",TRUE,2
"1996",NA,NA,NA,996,"RS",TRUE,2
"1997",NA,NA,NA,997,"RS",TRUE,2
"1998",NA,NA,NA,998,"RS",TRUE,2
"1999",0.307242631912231,0.922497394307236,-1.45763946544058,999,"RS",TRUE,2
"2000",NA,NA,NA,1000,"RS",TRUE,2
"2001",NA,NA,NA,1,"RS",TRUE,3
"2002",NA,NA,NA,2,"RS",TRUE,3
"2003",NA,NA,NA,3,"RS",TRUE,3
"2004",0.000868558883666992,2.15300563873787,-1.02431947649468,4,"RS",TRUE,3
"2005",NA,NA,NA,5,"RS",TRUE,3
"2006",NA,NA,NA,6,"RS",TRUE,3
"2007",0.00156784057617188,1.35365477338281,-1.14783732979901,7,"RS",TRUE,3
"2008",NA,NA,NA,8,"RS",TRUE,3
"2009",NA,NA,NA,9,"RS",TRUE,3
"2010",0.00225448608398438,0.509035590553104,-0.436287117598708,10,"RS",TRUE,3
"2011",0.00252866744995117,1.50361558574187,-1.31842637086666,11,"RS",TRUE,3
"2012",NA,NA,NA,12,"RS",TRUE,3
"2013",NA,NA,NA,13,"RS",TRUE,3
"2014",NA,NA,NA,14,"RS",TRUE,3
"2015",NA,NA,NA,15,"RS",TRUE,3
"2016",NA,NA,NA,16,"RS",TRUE,3
"2017",0.00385260581970215,0.56423504271724,-0.814923817351884,17,"RS",TRUE,3
"2018",NA,NA,NA,18,"RS",TRUE,3
"2019",NA,NA,NA,19,"RS",TRUE,3
"2020",NA,NA,NA,20,"RS",TRUE,3
"2021",0.00477075576782227,0.477843621850948,-0.746518372342434,21,"RS",TRUE,3
"2022",NA,NA,NA,22,"RS",TRUE,3
"2023",NA,NA,NA,23,"RS",TRUE,3
"2024",0.00545883178710938,0.643098806004093,-1.15648151424942,24,"RS",TRUE,3
"2025",NA,NA,NA,25,"RS",TRUE,3
"2026",NA,NA,NA,26,"RS",TRUE,3
"2027",0.00615143775939941,0.817649754072758,-0.457119821242675,27,"RS",TRUE,3
"2028",NA,NA,NA,28,"RS",TRUE,3
"2029",0.00662899017333984,0.881782393760611,-1.60318802040725,29,"RS",TRUE,3
"2030",0.00690340995788574,0.935132788772333,-0.0273244254276161,30,"RS",TRUE,3
"2031",0.00718259811401367,0.529529811444239,-0.173996767826291,31,"RS",TRUE,3
"2032",NA,NA,NA,32,"RS",TRUE,3
"2033",0.0076754093170166,0.409077163748657,-0.675248085188873,33,"RS",TRUE,3
"2034",0.00794315338134766,0.902681980917581,-0.542120566760108,34,"RS",TRUE,3
"2035",NA,NA,NA,35,"RS",TRUE,3
"2036",0.00842189788818359,0.516902002569406,-0.715701836618438,36,"RS",TRUE,3
"2037",NA,NA,NA,37,"RS",TRUE,3
"2038",0.00890111923217773,0.670907154124832,-1.38476528597545,38,"RS",TRUE,3
"2039",NA,NA,NA,39,"RS",TRUE,3
"2040",NA,NA,NA,40,"RS",TRUE,3
"2041",NA,NA,NA,41,"RS",TRUE,3
"2042",NA,NA,NA,42,"RS",TRUE,3
"2043",NA,NA,NA,43,"RS",TRUE,3
"2044",0.010230541229248,1.13586865911053,0.34523118879523,44,"RS",TRUE,3
"2045",0.0104990005493164,0.920731169141403,-0.64642125762562,45,"RS",TRUE,3
"2046",NA,NA,NA,46,"RS",TRUE,3
"2047",0.0109810829162598,0.478178338232393,-0.831490446546754,47,"RS",TRUE,3
"2048",0.0112490653991699,0.591383550386239,-1.20829456554393,48,"RS",TRUE,3
"2049",NA,NA,NA,49,"RS",TRUE,3
"2050",NA,NA,NA,50,"RS",TRUE,3
"2051",NA,NA,NA,51,"RS",TRUE,3
"2052",0.0121822357177734,1.00208074567875,-1.75306163784471,52,"RS",TRUE,3
"2053",NA,NA,NA,53,"RS",TRUE,3
"2054",NA,NA,NA,54,"RS",TRUE,3
"2055",NA,NA,NA,55,"RS",TRUE,3
"2056",NA,NA,NA,56,"RS",TRUE,3
"2057",NA,NA,NA,57,"RS",TRUE,3
"2058",NA,NA,NA,58,"RS",TRUE,3
"2059",NA,NA,NA,59,"RS",TRUE,3
"2060",NA,NA,NA,60,"RS",TRUE,3
"2061",0.0176153182983398,1.44988062633549,-1.86503239986298,61,"RS",TRUE,3
"2062",NA,NA,NA,62,"RS",TRUE,3
"2063",NA,NA,NA,63,"RS",TRUE,3
"2064",NA,NA,NA,64,"RS",TRUE,3
"2065",NA,NA,NA,65,"RS",TRUE,3
"2066",NA,NA,NA,66,"RS",TRUE,3
"2067",NA,NA,NA,67,"RS",TRUE,3
"2068",NA,NA,NA,68,"RS",TRUE,3
"2069",NA,NA,NA,69,"RS",TRUE,3
"2070",NA,NA,NA,70,"RS",TRUE,3
"2071",0.0197358131408691,0.641809424656363,-0.270843458535727,71,"RS",TRUE,3
"2072",NA,NA,NA,72,"RS",TRUE,3
"2073",NA,NA,NA,73,"RS",TRUE,3
"2074",NA,NA,NA,74,"RS",TRUE,3
"2075",0.020611047744751,0.363362456296892,-0.513775473227934,75,"RS",TRUE,3
"2076",NA,NA,NA,76,"RS",TRUE,3
"2077",0.0210800170898438,0.970097983147191,-0.997067461802358,77,"RS",TRUE,3
"2078",0.0213406085968018,0.994818166021372,-0.136974326630835,78,"RS",TRUE,3
"2079",0.0216023921966553,0.995638812808972,-0.218984603398203,79,"RS",TRUE,3
"2080",0.0218636989593506,1.52410835395082,0.181890704238738,80,"RS",TRUE,3
"2081",NA,NA,NA,81,"RS",TRUE,3
"2082",NA,NA,NA,82,"RS",TRUE,3
"2083",NA,NA,NA,83,"RS",TRUE,3
"2084",NA,NA,NA,84,"RS",TRUE,3
"2085",NA,NA,NA,85,"RS",TRUE,3
"2086",NA,NA,NA,86,"RS",TRUE,3
"2087",NA,NA,NA,87,"RS",TRUE,3
"2088",NA,NA,NA,88,"RS",TRUE,3
"2089",NA,NA,NA,89,"RS",TRUE,3
"2090",NA,NA,NA,90,"RS",TRUE,3
"2091",NA,NA,NA,91,"RS",TRUE,3
"2092",NA,NA,NA,92,"RS",TRUE,3
"2093",NA,NA,NA,93,"RS",TRUE,3
"2094",0.0247836112976074,1.16671429531316,-0.395361057217883,94,"RS",TRUE,3
"2095",NA,NA,NA,95,"RS",TRUE,3
"2096",NA,NA,NA,96,"RS",TRUE,3
"2097",NA,NA,NA,97,"RS",TRUE,3
"2098",NA,NA,NA,98,"RS",TRUE,3
"2099",NA,NA,NA,99,"RS",TRUE,3
"2100",0.026078462600708,0.885055347490534,-0.607031832702281,100,"RS",TRUE,3
"2101",NA,NA,NA,101,"RS",TRUE,3
"2102",NA,NA,NA,102,"RS",TRUE,3
"2103",NA,NA,NA,103,"RS",TRUE,3
"2104",NA,NA,NA,104,"RS",TRUE,3
"2105",NA,NA,NA,105,"RS",TRUE,3
"2106",NA,NA,NA,106,"RS",TRUE,3
"2107",NA,NA,NA,107,"RS",TRUE,3
"2108",NA,NA,NA,108,"RS",TRUE,3
"2109",0.0279805660247803,0.639524471355017,-0.631173361340839,109,"RS",TRUE,3
"2110",NA,NA,NA,110,"RS",TRUE,3
"2111",NA,NA,NA,111,"RS",TRUE,3
"2112",NA,NA,NA,112,"RS",TRUE,3
"2113",NA,NA,NA,113,"RS",TRUE,3
"2114",NA,NA,NA,114,"RS",TRUE,3
"2115",NA,NA,NA,115,"RS",TRUE,3
"2116",NA,NA,NA,116,"RS",TRUE,3
"2117",0.0297088623046875,0.781885858138709,-0.664294983771688,117,"RS",TRUE,3
"2118",NA,NA,NA,118,"RS",TRUE,3
"2119",NA,NA,NA,119,"RS",TRUE,3
"2120",NA,NA,NA,120,"RS",TRUE,3
"2121",NA,NA,NA,121,"RS",TRUE,3
"2122",NA,NA,NA,122,"RS",TRUE,3
"2123",NA,NA,NA,123,"RS",TRUE,3
"2124",NA,NA,NA,124,"RS",TRUE,3
"2125",NA,NA,NA,125,"RS",TRUE,3
"2126",NA,NA,NA,126,"RS",TRUE,3
"2127",NA,NA,NA,127,"RS",TRUE,3
"2128",NA,NA,NA,128,"RS",TRUE,3
"2129",NA,NA,NA,129,"RS",TRUE,3
"2130",NA,NA,NA,130,"RS",TRUE,3
"2131",0.0326886177062988,0.796260310810799,0.173416461771985,131,"RS",TRUE,3
"2132",NA,NA,NA,132,"RS",TRUE,3
"2133",0.0331680774688721,1.40066629953389,0.206557721133422,133,"RS",TRUE,3
"2134",NA,NA,NA,134,"RS",TRUE,3
"2135",NA,NA,NA,135,"RS",TRUE,3
"2136",NA,NA,NA,136,"RS",TRUE,3
"2137",NA,NA,NA,137,"RS",TRUE,3
"2138",NA,NA,NA,138,"RS",TRUE,3
"2139",0.0344715118408203,1.16433749507351,-0.508616263498986,139,"RS",TRUE,3
"2140",NA,NA,NA,140,"RS",TRUE,3
"2141",NA,NA,NA,141,"RS",TRUE,3
"2142",NA,NA,NA,142,"RS",TRUE,3
"2143",NA,NA,NA,143,"RS",TRUE,3
"2144",0.0355794429779053,1.36843407850809,-0.861645020368998,144,"RS",TRUE,3
"2145",NA,NA,NA,145,"RS",TRUE,3
"2146",NA,NA,NA,146,"RS",TRUE,3
"2147",NA,NA,NA,147,"RS",TRUE,3
"2148",NA,NA,NA,148,"RS",TRUE,3
"2149",NA,NA,NA,149,"RS",TRUE,3
"2150",0.036874532699585,1.81323226564696,-0.0528840171697451,150,"RS",TRUE,3
"2151",NA,NA,NA,151,"RS",TRUE,3
"2152",0.0373489856719971,1.07328078768367,0.0579671224662527,152,"RS",TRUE,3
"2153",NA,NA,NA,153,"RS",TRUE,3
"2154",NA,NA,NA,154,"RS",TRUE,3
"2155",NA,NA,NA,155,"RS",TRUE,3
"2156",NA,NA,NA,156,"RS",TRUE,3
"2157",NA,NA,NA,157,"RS",TRUE,3
"2158",NA,NA,NA,158,"RS",TRUE,3
"2159",NA,NA,NA,159,"RS",TRUE,3
"2160",NA,NA,NA,160,"RS",TRUE,3
"2161",0.0392727851867676,1.22588611562485,-1.28024744790572,161,"RS",TRUE,3
"2162",NA,NA,NA,162,"RS",TRUE,3
"2163",NA,NA,NA,163,"RS",TRUE,3
"2164",0.039963960647583,0.555741001833022,0.0546004453378426,164,"RS",TRUE,3
"2165",NA,NA,NA,165,"RS",TRUE,3
"2166",NA,NA,NA,166,"RS",TRUE,3
"2167",NA,NA,NA,167,"RS",TRUE,3
"2168",NA,NA,NA,168,"RS",TRUE,3
"2169",0.0410943031311035,0.882242012391477,-1.1722829266851,169,"RS",TRUE,3
"2170",NA,NA,NA,170,"RS",TRUE,3
"2171",NA,NA,NA,171,"RS",TRUE,3
"2172",NA,NA,NA,172,"RS",TRUE,3
"2173",NA,NA,NA,173,"RS",TRUE,3
"2174",0.0421984195709229,1.041203723205,-1.69471806297454,174,"RS",TRUE,3
"2175",NA,NA,NA,175,"RS",TRUE,3
"2176",NA,NA,NA,176,"RS",TRUE,3
"2177",NA,NA,NA,177,"RS",TRUE,3
"2178",NA,NA,NA,178,"RS",TRUE,3
"2179",NA,NA,NA,179,"RS",TRUE,3
"2180",0.0435140132904053,0.744382133936347,-0.316243907752265,180,"RS",TRUE,3
"2181",0.0437946319580078,1.58309570777245,-1.35438559778011,181,"RS",TRUE,3
"2182",NA,NA,NA,182,"RS",TRUE,3
"2183",0.0442705154418945,0.363692979616605,-0.817909881156617,183,"RS",TRUE,3
"2184",NA,NA,NA,184,"RS",TRUE,3
"2185",NA,NA,NA,185,"RS",TRUE,3
"2186",NA,NA,NA,186,"RS",TRUE,3
"2187",NA,NA,NA,187,"RS",TRUE,3
"2188",0.0453696250915527,0.708937870494768,-0.0969343728630542,188,"RS",TRUE,3
"2189",0.0456387996673584,1.55244515256196,-0.927718820089614,189,"RS",TRUE,3
"2190",NA,NA,NA,190,"RS",TRUE,3
"2191",NA,NA,NA,191,"RS",TRUE,3
"2192",NA,NA,NA,192,"RS",TRUE,3
"2193",NA,NA,NA,193,"RS",TRUE,3
"2194",NA,NA,NA,194,"RS",TRUE,3
"2195",NA,NA,NA,195,"RS",TRUE,3
"2196",0.0471587181091309,0.293225184492477,-0.526194940067102,196,"RS",TRUE,3
"2197",NA,NA,NA,197,"RS",TRUE,3
"2198",NA,NA,NA,198,"RS",TRUE,3
"2199",NA,NA,NA,199,"RS",TRUE,3
"2200",0.0480914115905762,1.19189162415766,-1.35834713849157,200,"RS",TRUE,3
"2201",NA,NA,NA,201,"RS",TRUE,3
"2202",NA,NA,NA,202,"RS",TRUE,3
"2203",NA,NA,NA,203,"RS",TRUE,3
"2204",0.0489752292633057,0.829634914231062,-0.986246409593772,204,"RS",TRUE,3
"2205",NA,NA,NA,205,"RS",TRUE,3
"2206",NA,NA,NA,206,"RS",TRUE,3
"2207",0.0496742725372314,1.26916081475661,-0.636235278921508,207,"RS",TRUE,3
"2208",NA,NA,NA,208,"RS",TRUE,3
"2209",NA,NA,NA,209,"RS",TRUE,3
"2210",NA,NA,NA,210,"RS",TRUE,3
"2211",NA,NA,NA,211,"RS",TRUE,3
"2212",NA,NA,NA,212,"RS",TRUE,3
"2213",NA,NA,NA,213,"RS",TRUE,3
"2214",NA,NA,NA,214,"RS",TRUE,3
"2215",NA,NA,NA,215,"RS",TRUE,3
"2216",NA,NA,NA,216,"RS",TRUE,3
"2217",NA,NA,NA,217,"RS",TRUE,3
"2218",0.0520660877227783,1.07783512999917,-0.566608011371783,218,"RS",TRUE,3
"2219",NA,NA,NA,219,"RS",TRUE,3
"2220",NA,NA,NA,220,"RS",TRUE,3
"2221",0.0527782440185547,1.35904934495238,-1.10074805431919,221,"RS",TRUE,3
"2222",NA,NA,NA,222,"RS",TRUE,3
"2223",0.0532636642456055,0.844418939681021,-0.468752239254046,223,"RS",TRUE,3
"2224",NA,NA,NA,224,"RS",TRUE,3
"2225",0.0537455081939697,0.436886393588708,-0.100015422579671,225,"RS",TRUE,3
"2226",NA,NA,NA,226,"RS",TRUE,3
"2227",NA,NA,NA,227,"RS",TRUE,3
"2228",0.0544261932373047,1.39275795649186,-0.00301116869764105,228,"RS",TRUE,3
"2229",NA,NA,NA,229,"RS",TRUE,3
"2230",NA,NA,NA,230,"RS",TRUE,3
"2231",NA,NA,NA,231,"RS",TRUE,3
"2232",NA,NA,NA,232,"RS",TRUE,3
"2233",NA,NA,NA,233,"RS",TRUE,3
"2234",NA,NA,NA,234,"RS",TRUE,3
"2235",NA,NA,NA,235,"RS",TRUE,3
"2236",NA,NA,NA,236,"RS",TRUE,3
"2237",NA,NA,NA,237,"RS",TRUE,3
"2238",NA,NA,NA,238,"RS",TRUE,3
"2239",NA,NA,NA,239,"RS",TRUE,3
"2240",NA,NA,NA,240,"RS",TRUE,3
"2241",0.0571691989898682,1.37930852832722,-0.248206614226555,241,"RS",TRUE,3
"2242",NA,NA,NA,242,"RS",TRUE,3
"2243",NA,NA,NA,243,"RS",TRUE,3
"2244",0.0578634738922119,1.25408234959588,-0.205320269684564,244,"RS",TRUE,3
"2245",0.0581278800964355,0.768711321731822,-0.676497162559574,245,"RS",TRUE,3
"2246",NA,NA,NA,246,"RS",TRUE,3
"2247",NA,NA,NA,247,"RS",TRUE,3
"2248",NA,NA,NA,248,"RS",TRUE,3
"2249",NA,NA,NA,249,"RS",TRUE,3
"2250",NA,NA,NA,250,"RS",TRUE,3
"2251",0.0594413280487061,1.8800621308441,-0.338624124291134,251,"RS",TRUE,3
"2252",0.0597162246704102,1.13194736592288,0.109912508389166,252,"RS",TRUE,3
"2253",0.0599849224090576,0.313054453067374,-0.430015403019937,253,"RS",TRUE,3
"2254",NA,NA,NA,254,"RS",TRUE,3
"2255",NA,NA,NA,255,"RS",TRUE,3
"2256",NA,NA,NA,256,"RS",TRUE,3
"2257",NA,NA,NA,257,"RS",TRUE,3
"2258",0.0610711574554443,0.733961287675766,0.133279504753516,258,"RS",TRUE,3
"2259",NA,NA,NA,259,"RS",TRUE,3
"2260",NA,NA,NA,260,"RS",TRUE,3
"2261",NA,NA,NA,261,"RS",TRUE,3
"2262",NA,NA,NA,262,"RS",TRUE,3
"2263",0.0621657371520996,0.911674516368132,-0.26437810354871,263,"RS",TRUE,3
"2264",NA,NA,NA,264,"RS",TRUE,3
"2265",NA,NA,NA,265,"RS",TRUE,3
"2266",0.0628378391265869,0.594530414450303,-0.546769750000089,266,"RS",TRUE,3
"2267",0.063107967376709,1.3381581735939,-1.27748877583291,267,"RS",TRUE,3
"2268",0.0633728504180908,0.665863524193302,-0.758078776299294,268,"RS",TRUE,3
"2269",NA,NA,NA,269,"RS",TRUE,3
"2270",NA,NA,NA,270,"RS",TRUE,3
"2271",NA,NA,NA,271,"RS",TRUE,3
"2272",NA,NA,NA,272,"RS",TRUE,3
"2273",NA,NA,NA,273,"RS",TRUE,3
"2274",0.0646889209747314,0.489187375050112,-0.291177977971935,274,"RS",TRUE,3
"2275",NA,NA,NA,275,"RS",TRUE,3
"2276",NA,NA,NA,276,"RS",TRUE,3
"2277",NA,NA,NA,277,"RS",TRUE,3
"2278",NA,NA,NA,278,"RS",TRUE,3
"2279",NA,NA,NA,279,"RS",TRUE,3
"2280",0.0660042762756348,0.479164404255285,-0.778968858219839,280,"RS",TRUE,3
"2281",NA,NA,NA,281,"RS",TRUE,3
"2282",0.0664703845977783,1.51476240877954,-0.109081471690576,282,"RS",TRUE,3
"2283",NA,NA,NA,283,"RS",TRUE,3
"2284",NA,NA,NA,284,"RS",TRUE,3
"2285",0.0671465396881104,0.917012788302785,-0.432926693249019,285,"RS",TRUE,3
"2286",0.0674271583557129,0.663292031968379,-0.0118789731188622,286,"RS",TRUE,3
"2287",NA,NA,NA,287,"RS",TRUE,3
"2288",NA,NA,NA,288,"RS",TRUE,3
"2289",NA,NA,NA,289,"RS",TRUE,3
"2290",NA,NA,NA,290,"RS",TRUE,3
"2291",NA,NA,NA,291,"RS",TRUE,3
"2292",0.0687499046325684,1.3857883116133,-0.751924690482436,292,"RS",TRUE,3
"2293",NA,NA,NA,293,"RS",TRUE,3
"2294",NA,NA,NA,294,"RS",TRUE,3
"2295",NA,NA,NA,295,"RS",TRUE,3
"2296",NA,NA,NA,296,"RS",TRUE,3
"2297",NA,NA,NA,297,"RS",TRUE,3
"2298",0.0700774192810059,1.65791277867871,0.199355633323998,298,"RS",TRUE,3
"2299",NA,NA,NA,299,"RS",TRUE,3
"2300",NA,NA,NA,300,"RS",TRUE,3
"2301",0.0707623958587646,1.53040422012254,-0.4706987573892,301,"RS",TRUE,3
"2302",0.0710322856903076,0.735219733888589,-0.840594340843724,302,"RS",TRUE,3
"2303",NA,NA,NA,303,"RS",TRUE,3
"2304",NA,NA,NA,304,"RS",TRUE,3
"2305",NA,NA,NA,305,"RS",TRUE,3
"2306",NA,NA,NA,306,"RS",TRUE,3
"2307",NA,NA,NA,307,"RS",TRUE,3
"2308",NA,NA,NA,308,"RS",TRUE,3
"2309",NA,NA,NA,309,"RS",TRUE,3
"2310",NA,NA,NA,310,"RS",TRUE,3
"2311",NA,NA,NA,311,"RS",TRUE,3
"2312",NA,NA,NA,312,"RS",TRUE,3
"2313",NA,NA,NA,313,"RS",TRUE,3
"2314",NA,NA,NA,314,"RS",TRUE,3
"2315",NA,NA,NA,315,"RS",TRUE,3
"2316",NA,NA,NA,316,"RS",TRUE,3
"2317",NA,NA,NA,317,"RS",TRUE,3
"2318",0.0744354724884033,0.935548285124372,-0.0379476102724541,318,"RS",TRUE,3
"2319",NA,NA,NA,319,"RS",TRUE,3
"2320",NA,NA,NA,320,"RS",TRUE,3
"2321",NA,NA,NA,321,"RS",TRUE,3
"2322",NA,NA,NA,322,"RS",TRUE,3
"2323",NA,NA,NA,323,"RS",TRUE,3
"2324",NA,NA,NA,324,"RS",TRUE,3
"2325",NA,NA,NA,325,"RS",TRUE,3
"2326",NA,NA,NA,326,"RS",TRUE,3
"2327",NA,NA,NA,327,"RS",TRUE,3
"2328",NA,NA,NA,328,"RS",TRUE,3
"2329",NA,NA,NA,329,"RS",TRUE,3
"2330",NA,NA,NA,330,"RS",TRUE,3
"2331",NA,NA,NA,331,"RS",TRUE,3
"2332",0.0774683952331543,0.673061026915184,-1.0071896666834,332,"RS",TRUE,3
"2333",NA,NA,NA,333,"RS",TRUE,3
"2334",0.0779469013214111,1.02643810856963,-0.523775951203627,334,"RS",TRUE,3
"2335",NA,NA,NA,335,"RS",TRUE,3
"2336",0.0784199237823486,1.70822802447415,-0.684010528918385,336,"RS",TRUE,3
"2337",NA,NA,NA,337,"RS",TRUE,3
"2338",0.0789008140563965,1.30085543645279,-0.0197337601012903,338,"RS",TRUE,3
"2339",NA,NA,NA,339,"RS",TRUE,3
"2340",NA,NA,NA,340,"RS",TRUE,3
"2341",NA,NA,NA,341,"RS",TRUE,3
"2342",0.079808235168457,0.657921732964959,-0.629428668918025,342,"RS",TRUE,3
"2343",NA,NA,NA,343,"RS",TRUE,3
"2344",NA,NA,NA,344,"RS",TRUE,3
"2345",NA,NA,NA,345,"RS",TRUE,3
"2346",0.0807011127471924,0.972178785508064,-0.36994419575665,346,"RS",TRUE,3
"2347",NA,NA,NA,347,"RS",TRUE,3
"2348",0.081174373626709,0.775634410486257,-0.804543115448323,348,"RS",TRUE,3
"2349",0.0814404487609863,0.574711347521148,-0.0541089505111241,349,"RS",TRUE,3
"2350",NA,NA,NA,350,"RS",TRUE,3
"2351",NA,NA,NA,351,"RS",TRUE,3
"2352",NA,NA,NA,352,"RS",TRUE,3
"2353",NA,NA,NA,353,"RS",TRUE,3
"2354",NA,NA,NA,354,"RS",TRUE,3
"2355",NA,NA,NA,355,"RS",TRUE,3
"2356",NA,NA,NA,356,"RS",TRUE,3
"2357",NA,NA,NA,357,"RS",TRUE,3
"2358",NA,NA,NA,358,"RS",TRUE,3
"2359",NA,NA,NA,359,"RS",TRUE,3
"2360",0.0838019847869873,0.995628494092854,0.274493083238915,360,"RS",TRUE,3
"2361",NA,NA,NA,361,"RS",TRUE,3
"2362",NA,NA,NA,362,"RS",TRUE,3
"2363",NA,NA,NA,363,"RS",TRUE,3
"2364",NA,NA,NA,364,"RS",TRUE,3
"2365",NA,NA,NA,365,"RS",TRUE,3
"2366",NA,NA,NA,366,"RS",TRUE,3
"2367",0.0853235721588135,1.05999265094887,0.270223496079201,367,"RS",TRUE,3
"2368",NA,NA,NA,368,"RS",TRUE,3
"2369",NA,NA,NA,369,"RS",TRUE,3
"2370",NA,NA,NA,370,"RS",TRUE,3
"2371",NA,NA,NA,371,"RS",TRUE,3
"2372",NA,NA,NA,372,"RS",TRUE,3
"2373",NA,NA,NA,373,"RS",TRUE,3
"2374",NA,NA,NA,374,"RS",TRUE,3
"2375",0.0870490074157715,0.699170050498532,-0.285452467876342,375,"RS",TRUE,3
"2376",NA,NA,NA,376,"RS",TRUE,3
"2377",NA,NA,NA,377,"RS",TRUE,3
"2378",NA,NA,NA,378,"RS",TRUE,3
"2379",0.0879502296447754,1.35245753669735,-1.168635740292,379,"RS",TRUE,3
"2380",0.0882213115692139,0.972672045884961,-0.637647924146892,380,"RS",TRUE,3
"2381",NA,NA,NA,381,"RS",TRUE,3
"2382",0.0887007713317871,1.67537608585914,-0.680198043441966,382,"RS",TRUE,3
"2383",0.0889699459075928,1.75560835558186,-1.95235314106494,383,"RS",TRUE,3
"2384",NA,NA,NA,384,"RS",TRUE,3
"2385",NA,NA,NA,385,"RS",TRUE,3
"2386",NA,NA,NA,386,"RS",TRUE,3
"2387",NA,NA,NA,387,"RS",TRUE,3
"2388",NA,NA,NA,388,"RS",TRUE,3
"2389",0.0902831554412842,1.25673964300324,-0.176731128487954,389,"RS",TRUE,3
"2390",NA,NA,NA,390,"RS",TRUE,3
"2391",NA,NA,NA,391,"RS",TRUE,3
"2392",NA,NA,NA,392,"RS",TRUE,3
"2393",0.0911953449249268,1.17922158785479,-1.386837934101,393,"RS",TRUE,3
"2394",NA,NA,NA,394,"RS",TRUE,3
"2395",NA,NA,NA,395,"RS",TRUE,3
"2396",0.0918769836425781,0.473114517575311,-0.477955124549361,396,"RS",TRUE,3
"2397",0.0921437740325928,0.775352843375317,-1.40715852473826,397,"RS",TRUE,3
"2398",NA,NA,NA,398,"RS",TRUE,3
"2399",0.0926239490509033,0.593476753151615,-0.0174966000312439,399,"RS",TRUE,3
"2400",NA,NA,NA,400,"RS",TRUE,3
"2401",NA,NA,NA,401,"RS",TRUE,3
"2402",NA,NA,NA,402,"RS",TRUE,3
"2403",0.0935366153717041,0.680796514673523,-0.727736611410162,403,"RS",TRUE,3
"2404",NA,NA,NA,404,"RS",TRUE,3
"2405",NA,NA,NA,405,"RS",TRUE,3
"2406",0.094221830368042,1.38031345285343,0.131734087583508,406,"RS",TRUE,3
"2407",NA,NA,NA,407,"RS",TRUE,3
"2408",0.0946996212005615,1.04481362508965,-0.832349572402975,408,"RS",TRUE,3
"2409",NA,NA,NA,409,"RS",TRUE,3
"2410",NA,NA,NA,410,"RS",TRUE,3
"2411",NA,NA,NA,411,"RS",TRUE,3
"2412",NA,NA,NA,412,"RS",TRUE,3
"2413",NA,NA,NA,413,"RS",TRUE,3
"2414",NA,NA,NA,414,"RS",TRUE,3
"2415",NA,NA,NA,415,"RS",TRUE,3
"2416",NA,NA,NA,416,"RS",TRUE,3
"2417",0.0966360569000244,0.788843576829759,-0.694674334599935,417,"RS",TRUE,3
"2418",NA,NA,NA,418,"RS",TRUE,3
"2419",NA,NA,NA,419,"RS",TRUE,3
"2420",NA,NA,NA,420,"RS",TRUE,3
"2421",NA,NA,NA,421,"RS",TRUE,3
"2422",NA,NA,NA,422,"RS",TRUE,3
"2423",NA,NA,NA,423,"RS",TRUE,3
"2424",NA,NA,NA,424,"RS",TRUE,3
"2425",NA,NA,NA,425,"RS",TRUE,3
"2426",NA,NA,NA,426,"RS",TRUE,3
"2427",NA,NA,NA,427,"RS",TRUE,3
"2428",NA,NA,NA,428,"RS",TRUE,3
"2429",NA,NA,NA,429,"RS",TRUE,3
"2430",NA,NA,NA,430,"RS",TRUE,3
"2431",NA,NA,NA,431,"RS",TRUE,3
"2432",0.0998327732086182,0.995056799586978,-1.20716193928336,432,"RS",TRUE,3
"2433",0.100103616714478,0.762412825430384,0.260662700235746,433,"RS",TRUE,3
"2434",NA,NA,NA,434,"RS",TRUE,3
"2435",NA,NA,NA,435,"RS",TRUE,3
"2436",0.100782871246338,0.424443825211854,-0.583750902211085,436,"RS",TRUE,3
"2437",NA,NA,NA,437,"RS",TRUE,3
"2438",NA,NA,NA,438,"RS",TRUE,3
"2439",0.101470947265625,1.17662638960916,-0.38760295928893,439,"RS",TRUE,3
"2440",NA,NA,NA,440,"RS",TRUE,3
"2441",NA,NA,NA,441,"RS",TRUE,3
"2442",NA,NA,NA,442,"RS",TRUE,3
"2443",NA,NA,NA,443,"RS",TRUE,3
"2444",NA,NA,NA,444,"RS",TRUE,3
"2445",0.10278582572937,1.45743083217291,0.155277240891106,445,"RS",TRUE,3
"2446",0.103059768676758,0.542318202899026,-0.955596192826345,446,"RS",TRUE,3
"2447",0.103328227996826,1.4022634024028,-0.571459137908989,447,"RS",TRUE,3
"2448",NA,NA,NA,448,"RS",TRUE,3
"2449",0.103813886642456,0.386186924755597,-0.530371666929746,449,"RS",TRUE,3
"2450",NA,NA,NA,450,"RS",TRUE,3
"2451",NA,NA,NA,451,"RS",TRUE,3
"2452",NA,NA,NA,452,"RS",TRUE,3
"2453",NA,NA,NA,453,"RS",TRUE,3
"2454",0.104918003082275,0.459343522828916,-0.204659333095652,454,"RS",TRUE,3
"2455",0.105188608169556,1.34107285118689,-0.214282633475885,455,"RS",TRUE,3
"2456",NA,NA,NA,456,"RS",TRUE,3
"2457",NA,NA,NA,457,"RS",TRUE,3
"2458",NA,NA,NA,458,"RS",TRUE,3
"2459",NA,NA,NA,459,"RS",TRUE,3
"2460",NA,NA,NA,460,"RS",TRUE,3
"2461",NA,NA,NA,461,"RS",TRUE,3
"2462",NA,NA,NA,462,"RS",TRUE,3
"2463",NA,NA,NA,463,"RS",TRUE,3
"2464",0.10713005065918,0.772581807715009,-0.939112419722455,464,"RS",TRUE,3
"2465",NA,NA,NA,465,"RS",TRUE,3
"2466",NA,NA,NA,466,"RS",TRUE,3
"2467",0.107870101928711,0.751689607693789,-1.17224180164358,467,"RS",TRUE,3
"2468",0.108142137527466,1.13546062513797,-0.260248313136909,468,"RS",TRUE,3
"2469",NA,NA,NA,469,"RS",TRUE,3
"2470",0.108629465103149,0.690508022764588,0.172636194778699,470,"RS",TRUE,3
"2471",0.108897686004639,0.669698310523174,-0.69954331220778,471,"RS",TRUE,3
"2472",NA,NA,NA,472,"RS",TRUE,3
"2473",NA,NA,NA,473,"RS",TRUE,3
"2474",NA,NA,NA,474,"RS",TRUE,3
"2475",NA,NA,NA,475,"RS",TRUE,3
"2476",NA,NA,NA,476,"RS",TRUE,3
"2477",NA,NA,NA,477,"RS",TRUE,3
"2478",NA,NA,NA,478,"RS",TRUE,3
"2479",NA,NA,NA,479,"RS",TRUE,3
"2480",0.110868453979492,0.951551215666572,-0.327230941206685,480,"RS",TRUE,3
"2481",0.111136436462402,1.49326064768567,0.403209243971564,481,"RS",TRUE,3
"2482",NA,NA,NA,482,"RS",TRUE,3
"2483",NA,NA,NA,483,"RS",TRUE,3
"2484",NA,NA,NA,484,"RS",TRUE,3
"2485",NA,NA,NA,485,"RS",TRUE,3
"2486",NA,NA,NA,486,"RS",TRUE,3
"2487",NA,NA,NA,487,"RS",TRUE,3
"2488",NA,NA,NA,488,"RS",TRUE,3
"2489",NA,NA,NA,489,"RS",TRUE,3
"2490",NA,NA,NA,490,"RS",TRUE,3
"2491",0.11329174041748,1.22210021593694,0.240860305048035,491,"RS",TRUE,3
"2492",NA,NA,NA,492,"RS",TRUE,3
"2493",NA,NA,NA,493,"RS",TRUE,3
"2494",0.113985061645508,0.28649257830841,-0.497921308464845,494,"RS",TRUE,3
"2495",NA,NA,NA,495,"RS",TRUE,3
"2496",NA,NA,NA,496,"RS",TRUE,3
"2497",NA,NA,NA,497,"RS",TRUE,3
"2498",NA,NA,NA,498,"RS",TRUE,3
"2499",NA,NA,NA,499,"RS",TRUE,3
"2500",NA,NA,NA,500,"RS",TRUE,3
"2501",NA,NA,NA,501,"RS",TRUE,3
"2502",NA,NA,NA,502,"RS",TRUE,3
"2503",0.115928411483765,0.988676992898177,-0.0675159329935812,503,"RS",TRUE,3
"2504",NA,NA,NA,504,"RS",TRUE,3
"2505",0.119857788085938,1.40750737146193,-1.19512877693701,505,"RS",TRUE,3
"2506",NA,NA,NA,506,"RS",TRUE,3
"2507",NA,NA,NA,507,"RS",TRUE,3
"2508",0.120610952377319,1.20543787448333,-0.245206922559541,508,"RS",TRUE,3
"2509",NA,NA,NA,509,"RS",TRUE,3
"2510",NA,NA,NA,510,"RS",TRUE,3
"2511",0.121288061141968,2.27417618235727,-0.905921194601109,511,"RS",TRUE,3
"2512",NA,NA,NA,512,"RS",TRUE,3
"2513",0.121753931045532,0.912401838259527,-0.312680737868976,513,"RS",TRUE,3
"2514",NA,NA,NA,514,"RS",TRUE,3
"2515",NA,NA,NA,515,"RS",TRUE,3
"2516",NA,NA,NA,516,"RS",TRUE,3
"2517",NA,NA,NA,517,"RS",TRUE,3
"2518",NA,NA,NA,518,"RS",TRUE,3
"2519",NA,NA,NA,519,"RS",TRUE,3
"2520",NA,NA,NA,520,"RS",TRUE,3
"2521",NA,NA,NA,521,"RS",TRUE,3
"2522",NA,NA,NA,522,"RS",TRUE,3
"2523",NA,NA,NA,523,"RS",TRUE,3
"2524",0.124089241027832,1.01625026616664,-0.97473028637908,524,"RS",TRUE,3
"2525",NA,NA,NA,525,"RS",TRUE,3
"2526",NA,NA,NA,526,"RS",TRUE,3
"2527",NA,NA,NA,527,"RS",TRUE,3
"2528",NA,NA,NA,528,"RS",TRUE,3
"2529",NA,NA,NA,529,"RS",TRUE,3
"2530",NA,NA,NA,530,"RS",TRUE,3
"2531",0.125564813613892,1.52458145486889,0.216497157969548,531,"RS",TRUE,3
"2532",NA,NA,NA,532,"RS",TRUE,3
"2533",NA,NA,NA,533,"RS",TRUE,3
"2534",NA,NA,NA,534,"RS",TRUE,3
"2535",0.126456737518311,0.49811373115236,-0.18535779504503,535,"RS",TRUE,3
"2536",NA,NA,NA,536,"RS",TRUE,3
"2537",NA,NA,NA,537,"RS",TRUE,3
"2538",NA,NA,NA,538,"RS",TRUE,3
"2539",NA,NA,NA,539,"RS",TRUE,3
"2540",NA,NA,NA,540,"RS",TRUE,3
"2541",NA,NA,NA,541,"RS",TRUE,3
"2542",0.127947807312012,0.276778887919228,-0.678839781405473,542,"RS",TRUE,3
"2543",NA,NA,NA,543,"RS",TRUE,3
"2544",NA,NA,NA,544,"RS",TRUE,3
"2545",NA,NA,NA,545,"RS",TRUE,3
"2546",NA,NA,NA,546,"RS",TRUE,3
"2547",NA,NA,NA,547,"RS",TRUE,3
"2548",NA,NA,NA,548,"RS",TRUE,3
"2549",NA,NA,NA,549,"RS",TRUE,3
"2550",NA,NA,NA,550,"RS",TRUE,3
"2551",NA,NA,NA,551,"RS",TRUE,3
"2552",NA,NA,NA,552,"RS",TRUE,3
"2553",NA,NA,NA,553,"RS",TRUE,3
"2554",NA,NA,NA,554,"RS",TRUE,3
"2555",NA,NA,NA,555,"RS",TRUE,3
"2556",0.130837678909302,0.650527328516785,-1.26193897506355,556,"RS",TRUE,3
"2557",NA,NA,NA,557,"RS",TRUE,3
"2558",NA,NA,NA,558,"RS",TRUE,3
"2559",NA,NA,NA,559,"RS",TRUE,3
"2560",0.13172721862793,0.401384228583948,-0.262093532537891,560,"RS",TRUE,3
"2561",0.132001638412476,2.12973988366737,-1.3251147585522,561,"RS",TRUE,3
"2562",NA,NA,NA,562,"RS",TRUE,3
"2563",0.132483243942261,1.01226460670686,-0.561804289003497,563,"RS",TRUE,3
"2564",NA,NA,NA,564,"RS",TRUE,3
"2565",NA,NA,NA,565,"RS",TRUE,3
"2566",NA,NA,NA,566,"RS",TRUE,3
"2567",NA,NA,NA,567,"RS",TRUE,3
"2568",NA,NA,NA,568,"RS",TRUE,3
"2569",NA,NA,NA,569,"RS",TRUE,3
"2570",NA,NA,NA,570,"RS",TRUE,3
"2571",NA,NA,NA,571,"RS",TRUE,3
"2572",NA,NA,NA,572,"RS",TRUE,3
"2573",0.13461446762085,2.07253102608924,-0.833264848689828,573,"RS",TRUE,3
"2574",NA,NA,NA,574,"RS",TRUE,3
"2575",NA,NA,NA,575,"RS",TRUE,3
"2576",0.135290622711182,0.937724989974593,-1.26836391625693,576,"RS",TRUE,3
"2577",NA,NA,NA,577,"RS",TRUE,3
"2578",NA,NA,NA,578,"RS",TRUE,3
"2579",NA,NA,NA,579,"RS",TRUE,3
"2580",NA,NA,NA,580,"RS",TRUE,3
"2581",0.136382579803467,0.401245445097877,-0.196169023865926,581,"RS",TRUE,3
"2582",0.136646032333374,0.788320455918365,-0.74740209735136,582,"RS",TRUE,3
"2583",NA,NA,NA,583,"RS",TRUE,3
"2584",NA,NA,NA,584,"RS",TRUE,3
"2585",0.137335538864136,0.868463263971842,-0.197451973311084,585,"RS",TRUE,3
"2586",NA,NA,NA,586,"RS",TRUE,3
"2587",0.137810707092285,0.390463182994041,-0.857092336861448,587,"RS",TRUE,3
"2588",NA,NA,NA,588,"RS",TRUE,3
"2589",NA,NA,NA,589,"RS",TRUE,3
"2590",NA,NA,NA,590,"RS",TRUE,3
"2591",NA,NA,NA,591,"RS",TRUE,3
"2592",NA,NA,NA,592,"RS",TRUE,3
"2593",NA,NA,NA,593,"RS",TRUE,3
"2594",NA,NA,NA,594,"RS",TRUE,3
"2595",NA,NA,NA,595,"RS",TRUE,3
"2596",NA,NA,NA,596,"RS",TRUE,3
"2597",NA,NA,NA,597,"RS",TRUE,3
"2598",0.140174388885498,0.44529022740135,-0.544743944250695,598,"RS",TRUE,3
"2599",NA,NA,NA,599,"RS",TRUE,3
"2600",NA,NA,NA,600,"RS",TRUE,3
"2601",NA,NA,NA,601,"RS",TRUE,3
"2602",NA,NA,NA,602,"RS",TRUE,3
"2603",NA,NA,NA,603,"RS",TRUE,3
"2604",NA,NA,NA,604,"RS",TRUE,3
"2605",NA,NA,NA,605,"RS",TRUE,3
"2606",0.141911745071411,0.472670367711296,-0.990516561544819,606,"RS",TRUE,3
"2607",NA,NA,NA,607,"RS",TRUE,3
"2608",NA,NA,NA,608,"RS",TRUE,3
"2609",NA,NA,NA,609,"RS",TRUE,3
"2610",NA,NA,NA,610,"RS",TRUE,3
"2611",NA,NA,NA,611,"RS",TRUE,3
"2612",NA,NA,NA,612,"RS",TRUE,3
"2613",NA,NA,NA,613,"RS",TRUE,3
"2614",NA,NA,NA,614,"RS",TRUE,3
"2615",0.143882274627686,0.875988306815077,-0.353964509955174,615,"RS",TRUE,3
"2616",0.144152879714966,1.41222996888057,-1.29004107403809,616,"RS",TRUE,3
"2617",NA,NA,NA,617,"RS",TRUE,3
"2618",NA,NA,NA,618,"RS",TRUE,3
"2619",NA,NA,NA,619,"RS",TRUE,3
"2620",NA,NA,NA,620,"RS",TRUE,3
"2621",NA,NA,NA,621,"RS",TRUE,3
"2622",0.145459413528442,0.576545225286327,0.111449248867656,622,"RS",TRUE,3
"2623",0.145725727081299,1.8281596371585,-0.124871271691445,623,"RS",TRUE,3
"2624",NA,NA,NA,624,"RS",TRUE,3
"2625",NA,NA,NA,625,"RS",TRUE,3
"2626",NA,NA,NA,626,"RS",TRUE,3
"2627",0.146624565124512,1.27539213681526,-0.977559186287692,627,"RS",TRUE,3
"2628",NA,NA,NA,628,"RS",TRUE,3
"2629",NA,NA,NA,629,"RS",TRUE,3
"2630",NA,NA,NA,630,"RS",TRUE,3
"2631",NA,NA,NA,631,"RS",TRUE,3
"2632",0.147723436355591,1.08929242568395,-0.917163059842705,632,"RS",TRUE,3
"2633",NA,NA,NA,633,"RS",TRUE,3
"2634",NA,NA,NA,634,"RS",TRUE,3
"2635",0.148397922515869,0.390306539096462,-0.11006292135838,635,"RS",TRUE,3
"2636",NA,NA,NA,636,"RS",TRUE,3
"2637",NA,NA,NA,637,"RS",TRUE,3
"2638",NA,NA,NA,638,"RS",TRUE,3
"2639",NA,NA,NA,639,"RS",TRUE,3
"2640",NA,NA,NA,640,"RS",TRUE,3
"2641",NA,NA,NA,641,"RS",TRUE,3
"2642",NA,NA,NA,642,"RS",TRUE,3
"2643",0.150111198425293,0.519441446062511,-0.954256991024393,643,"RS",TRUE,3
"2644",0.150378704071045,0.335263959968014,-0.136019790579538,644,"RS",TRUE,3
"2645",0.150655746459961,1.50806650165092,0.326634053661941,645,"RS",TRUE,3
"2646",0.150927782058716,0.921304366022077,0.375702055381257,646,"RS",TRUE,3
"2647",0.151203393936157,0.32334295222203,-0.617850572922241,647,"RS",TRUE,3
"2648",NA,NA,NA,648,"RS",TRUE,3
"2649",0.151706695556641,1.69636511692494,-0.715099097761566,649,"RS",TRUE,3
"2650",NA,NA,NA,650,"RS",TRUE,3
"2651",NA,NA,NA,651,"RS",TRUE,3
"2652",NA,NA,NA,652,"RS",TRUE,3
"2653",NA,NA,NA,653,"RS",TRUE,3
"2654",0.152808666229248,0.902316668551128,0.303431092470385,654,"RS",TRUE,3
"2655",NA,NA,NA,655,"RS",TRUE,3
"2656",NA,NA,NA,656,"RS",TRUE,3
"2657",NA,NA,NA,657,"RS",TRUE,3
"2658",NA,NA,NA,658,"RS",TRUE,3
"2659",NA,NA,NA,659,"RS",TRUE,3
"2660",NA,NA,NA,660,"RS",TRUE,3
"2661",0.154361009597778,0.657982658665205,-0.64712802418552,661,"RS",TRUE,3
"2662",0.154638767242432,0.904481145408604,-0.468476822777637,662,"RS",TRUE,3
"2663",NA,NA,NA,663,"RS",TRUE,3
"2664",NA,NA,NA,664,"RS",TRUE,3
"2665",NA,NA,NA,665,"RS",TRUE,3
"2666",0.155532360076904,0.852516420358609,-0.29524608995333,666,"RS",TRUE,3
"2667",NA,NA,NA,667,"RS",TRUE,3
"2668",NA,NA,NA,668,"RS",TRUE,3
"2669",NA,NA,NA,669,"RS",TRUE,3
"2670",NA,NA,NA,670,"RS",TRUE,3
"2671",NA,NA,NA,671,"RS",TRUE,3
"2672",0.15687108039856,0.520530900133791,-0.778795552465919,672,"RS",TRUE,3
"2673",NA,NA,NA,673,"RS",TRUE,3
"2674",0.1573646068573,0.717597808342112,-0.903451720144709,674,"RS",TRUE,3
"2675",0.157648324966431,0.566099882218215,-0.257219245688056,675,"RS",TRUE,3
"2676",0.15791392326355,0.787059315631053,-0.0408044164448665,676,"RS",TRUE,3
"2677",NA,NA,NA,677,"RS",TRUE,3
"2678",NA,NA,NA,678,"RS",TRUE,3
"2679",NA,NA,NA,679,"RS",TRUE,3
"2680",0.158795356750488,0.317347769639079,-0.265871892919812,680,"RS",TRUE,3
"2681",0.159060716629028,0.666365879956404,-0.0474624848370061,681,"RS",TRUE,3
"2682",NA,NA,NA,682,"RS",TRUE,3
"2683",NA,NA,NA,683,"RS",TRUE,3
"2684",NA,NA,NA,684,"RS",TRUE,3
"2685",NA,NA,NA,685,"RS",TRUE,3
"2686",NA,NA,NA,686,"RS",TRUE,3
"2687",0.160373210906982,1.35008962245318,0.0663285979167441,687,"RS",TRUE,3
"2688",NA,NA,NA,688,"RS",TRUE,3
"2689",0.160847663879395,1.42166688226479,-1.3404381400393,689,"RS",TRUE,3
"2690",NA,NA,NA,690,"RS",TRUE,3
"2691",NA,NA,NA,691,"RS",TRUE,3
"2692",NA,NA,NA,692,"RS",TRUE,3
"2693",NA,NA,NA,693,"RS",TRUE,3
"2694",0.161940813064575,0.558276224511725,-1.07460504350091,694,"RS",TRUE,3
"2695",NA,NA,NA,695,"RS",TRUE,3
"2696",0.162419557571411,1.13148044168704,-1.38105782116726,696,"RS",TRUE,3
"2697",NA,NA,NA,697,"RS",TRUE,3
"2698",NA,NA,NA,698,"RS",TRUE,3
"2699",NA,NA,NA,699,"RS",TRUE,3
"2700",NA,NA,NA,700,"RS",TRUE,3
"2701",NA,NA,NA,701,"RS",TRUE,3
"2702",NA,NA,NA,702,"RS",TRUE,3
"2703",0.163923978805542,1.30295493506894,-0.474488140239909,703,"RS",TRUE,3
"2704",NA,NA,NA,704,"RS",TRUE,3
"2705",0.1643967628479,1.29504127628466,-1.75847890331335,705,"RS",TRUE,3
"2706",NA,NA,NA,706,"RS",TRUE,3
"2707",NA,NA,NA,707,"RS",TRUE,3
"2708",0.165073156356812,1.75124221355954,-0.474228644923131,708,"RS",TRUE,3
"2709",NA,NA,NA,709,"RS",TRUE,3
"2710",0.165542840957642,1.03629855146126,-1.55717845922362,710,"RS",TRUE,3
"2711",NA,NA,NA,711,"RS",TRUE,3
"2712",NA,NA,NA,712,"RS",TRUE,3
"2713",NA,NA,NA,713,"RS",TRUE,3
"2714",NA,NA,NA,714,"RS",TRUE,3
"2715",NA,NA,NA,715,"RS",TRUE,3
"2716",NA,NA,NA,716,"RS",TRUE,3
"2717",0.167048215866089,0.828811205670443,-0.647390915574317,717,"RS",TRUE,3
"2718",NA,NA,NA,718,"RS",TRUE,3
"2719",0.167520523071289,0.947427939968032,-1.15881770516535,719,"RS",TRUE,3
"2720",NA,NA,NA,720,"RS",TRUE,3
"2721",NA,NA,NA,721,"RS",TRUE,3
"2722",NA,NA,NA,722,"RS",TRUE,3
"2723",NA,NA,NA,723,"RS",TRUE,3
"2724",NA,NA,NA,724,"RS",TRUE,3
"2725",NA,NA,NA,725,"RS",TRUE,3
"2726",NA,NA,NA,726,"RS",TRUE,3
"2727",NA,NA,NA,727,"RS",TRUE,3
"2728",NA,NA,NA,728,"RS",TRUE,3
"2729",NA,NA,NA,729,"RS",TRUE,3
"2730",NA,NA,NA,730,"RS",TRUE,3
"2731",NA,NA,NA,731,"RS",TRUE,3
"2732",NA,NA,NA,732,"RS",TRUE,3
"2733",NA,NA,NA,733,"RS",TRUE,3
"2734",NA,NA,NA,734,"RS",TRUE,3
"2735",NA,NA,NA,735,"RS",TRUE,3
"2736",0.17112135887146,0.609621108665594,0.128955150698143,736,"RS",TRUE,3
"2737",NA,NA,NA,737,"RS",TRUE,3
"2738",NA,NA,NA,738,"RS",TRUE,3
"2739",NA,NA,NA,739,"RS",TRUE,3
"2740",NA,NA,NA,740,"RS",TRUE,3
"2741",NA,NA,NA,741,"RS",TRUE,3
"2742",0.172440528869629,1.74032371871774,0.122540718378665,742,"RS",TRUE,3
"2743",NA,NA,NA,743,"RS",TRUE,3
"2744",NA,NA,NA,744,"RS",TRUE,3
"2745",NA,NA,NA,745,"RS",TRUE,3
"2746",NA,NA,NA,746,"RS",TRUE,3
"2747",NA,NA,NA,747,"RS",TRUE,3
"2748",NA,NA,NA,748,"RS",TRUE,3
"2749",0.173964500427246,1.72299521263427,-0.602640656297049,749,"RS",TRUE,3
"2750",NA,NA,NA,750,"RS",TRUE,3
"2751",0.174451351165771,0.924815308530428,-0.40620759362629,751,"RS",TRUE,3
"2752",NA,NA,NA,752,"RS",TRUE,3
"2753",NA,NA,NA,753,"RS",TRUE,3
"2754",NA,NA,NA,754,"RS",TRUE,3
"2755",0.175353765487671,0.783355417826368,0.253851511853247,755,"RS",TRUE,3
"2756",NA,NA,NA,756,"RS",TRUE,3
"2757",NA,NA,NA,757,"RS",TRUE,3
"2758",0.176046133041382,0.459825815765066,0.0190148753440565,758,"RS",TRUE,3
"2759",0.176337003707886,1.15076309555399,-0.600175789461952,759,"RS",TRUE,3
"2760",0.176604986190796,0.544206412715288,-0.369362051476969,760,"RS",TRUE,3
"2761",0.176873922348022,1.3620566337323,-1.11998381810188,761,"RS",TRUE,3
"2762",NA,NA,NA,762,"RS",TRUE,3
"2763",0.177351236343384,0.621763341146302,-0.130763828510967,763,"RS",TRUE,3
"2764",0.177617788314819,0.934655835773172,-1.32987261546383,764,"RS",TRUE,3
"2765",NA,NA,NA,765,"RS",TRUE,3
"2766",NA,NA,NA,766,"RS",TRUE,3
"2767",NA,NA,NA,767,"RS",TRUE,3
"2768",0.178512573242188,1.59071995238215,-0.566133898963346,768,"RS",TRUE,3
"2769",0.178778886795044,0.951796781628099,-0.656363343535549,769,"RS",TRUE,3
"2770",NA,NA,NA,770,"RS",TRUE,3
"2771",NA,NA,NA,771,"RS",TRUE,3
"2772",0.179455041885376,1.41492589909441,0.19108886122179,772,"RS",TRUE,3
"2773",NA,NA,NA,773,"RS",TRUE,3
"2774",NA,NA,NA,774,"RS",TRUE,3
"2775",NA,NA,NA,775,"RS",TRUE,3
"2776",NA,NA,NA,776,"RS",TRUE,3
"2777",0.18057656288147,1.83352690766564,-0.833831707050026,777,"RS",TRUE,3
"2778",NA,NA,NA,778,"RS",TRUE,3
"2779",NA,NA,NA,779,"RS",TRUE,3
"2780",NA,NA,NA,780,"RS",TRUE,3
"2781",NA,NA,NA,781,"RS",TRUE,3
"2782",NA,NA,NA,782,"RS",TRUE,3
"2783",0.181886672973633,0.27016969277154,-0.396056748422989,783,"RS",TRUE,3
"2784",NA,NA,NA,784,"RS",TRUE,3
"2785",NA,NA,NA,785,"RS",TRUE,3
"2786",NA,NA,NA,786,"RS",TRUE,3
"2787",NA,NA,NA,787,"RS",TRUE,3
"2788",NA,NA,NA,788,"RS",TRUE,3
"2789",NA,NA,NA,789,"RS",TRUE,3
"2790",NA,NA,NA,790,"RS",TRUE,3
"2791",NA,NA,NA,791,"RS",TRUE,3
"2792",NA,NA,NA,792,"RS",TRUE,3
"2793",NA,NA,NA,793,"RS",TRUE,3
"2794",NA,NA,NA,794,"RS",TRUE,3
"2795",0.184469223022461,1.33191819444302,-1.96150005789075,795,"RS",TRUE,3
"2796",0.184742212295532,0.949265696178333,-0.42985015971642,796,"RS",TRUE,3
"2797",0.185010194778442,1.25683977142654,-0.103547605294556,797,"RS",TRUE,3
"2798",NA,NA,NA,798,"RS",TRUE,3
"2799",NA,NA,NA,799,"RS",TRUE,3
"2800",NA,NA,NA,800,"RS",TRUE,3
"2801",NA,NA,NA,801,"RS",TRUE,3
"2802",0.18611741065979,0.410026044407868,-0.701150379352266,802,"RS",TRUE,3
"2803",NA,NA,NA,803,"RS",TRUE,3
"2804",0.186592817306519,0.541552280343999,-0.477729455107159,804,"RS",TRUE,3
"2805",0.186858654022217,0.694424605085123,0.195923731268004,805,"RS",TRUE,3
"2806",NA,NA,NA,806,"RS",TRUE,3
"2807",NA,NA,NA,807,"RS",TRUE,3
"2808",NA,NA,NA,808,"RS",TRUE,3
"2809",NA,NA,NA,809,"RS",TRUE,3
"2810",NA,NA,NA,810,"RS",TRUE,3
"2811",0.188179731369019,1.96815777922265,-2.16681774301467,811,"RS",TRUE,3
"2812",0.188445329666138,1.07938607105757,-0.267220162527055,812,"RS",TRUE,3
"2813",NA,NA,NA,813,"RS",TRUE,3
"2814",NA,NA,NA,814,"RS",TRUE,3
"2815",NA,NA,NA,815,"RS",TRUE,3
"2816",0.189343929290771,0.476869398025155,-0.96879601214476,816,"RS",TRUE,3
"2817",NA,NA,NA,817,"RS",TRUE,3
"2818",NA,NA,NA,818,"RS",TRUE,3
"2819",NA,NA,NA,819,"RS",TRUE,3
"2820",NA,NA,NA,820,"RS",TRUE,3
"2821",NA,NA,NA,821,"RS",TRUE,3
"2822",NA,NA,NA,822,"RS",TRUE,3
"2823",NA,NA,NA,823,"RS",TRUE,3
"2824",NA,NA,NA,824,"RS",TRUE,3
"2825",0.191291570663452,0.809101247211611,-0.32094128582762,825,"RS",TRUE,3
"2826",NA,NA,NA,826,"RS",TRUE,3
"2827",NA,NA,NA,827,"RS",TRUE,3
"2828",NA,NA,NA,828,"RS",TRUE,3
"2829",0.192185640335083,0.529182097369418,-0.123596842172651,829,"RS",TRUE,3
"2830",NA,NA,NA,830,"RS",TRUE,3
"2831",NA,NA,NA,831,"RS",TRUE,3
"2832",NA,NA,NA,832,"RS",TRUE,3
"2833",NA,NA,NA,833,"RS",TRUE,3
"2834",0.193308115005493,0.460987370404061,-0.386509051146989,834,"RS",TRUE,3
"2835",NA,NA,NA,835,"RS",TRUE,3
"2836",NA,NA,NA,836,"RS",TRUE,3
"2837",NA,NA,NA,837,"RS",TRUE,3
"2838",NA,NA,NA,838,"RS",TRUE,3
"2839",NA,NA,NA,839,"RS",TRUE,3
"2840",NA,NA,NA,840,"RS",TRUE,3
"2841",NA,NA,NA,841,"RS",TRUE,3
"2842",NA,NA,NA,842,"RS",TRUE,3
"2843",0.195225238800049,0.537414926904432,-0.613619557474156,843,"RS",TRUE,3
"2844",NA,NA,NA,844,"RS",TRUE,3
"2845",0.195705890655518,0.755690641232455,-0.099507496448959,845,"RS",TRUE,3
"2846",NA,NA,NA,846,"RS",TRUE,3
"2847",0.196181058883667,0.794421877087511,-1.18679398179427,847,"RS",TRUE,3
"2848",NA,NA,NA,848,"RS",TRUE,3
"2849",NA,NA,NA,849,"RS",TRUE,3
"2850",NA,NA,NA,850,"RS",TRUE,3
"2851",NA,NA,NA,851,"RS",TRUE,3
"2852",NA,NA,NA,852,"RS",TRUE,3
"2853",0.197491884231567,1.07279647595188,-0.283666070972624,853,"RS",TRUE,3
"2854",NA,NA,NA,854,"RS",TRUE,3
"2855",0.197967767715454,1.1647737113872,-0.689552609732904,855,"RS",TRUE,3
"2856",NA,NA,NA,856,"RS",TRUE,3
"2857",NA,NA,NA,857,"RS",TRUE,3
"2858",NA,NA,NA,858,"RS",TRUE,3
"2859",NA,NA,NA,859,"RS",TRUE,3
"2860",NA,NA,NA,860,"RS",TRUE,3
"2861",0.199272155761719,1.68747609258616,-0.285118594363231,861,"RS",TRUE,3
"2862",NA,NA,NA,862,"RS",TRUE,3
"2863",0.199753522872925,0.64090707352242,-0.521675725839625,863,"RS",TRUE,3
"2864",NA,NA,NA,864,"RS",TRUE,3
"2865",0.200230836868286,1.15755236771158,-1.63704777971551,865,"RS",TRUE,3
"2866",NA,NA,NA,866,"RS",TRUE,3
"2867",NA,NA,NA,867,"RS",TRUE,3
"2868",0.200913667678833,0.509481441339222,-0.383467242868557,868,"RS",TRUE,3
"2869",NA,NA,NA,869,"RS",TRUE,3
"2870",0.201391696929932,1.09083813034762,0.167845292667154,870,"RS",TRUE,3
"2871",0.201660394668579,0.315452977572334,-0.527869835822204,871,"RS",TRUE,3
"2872",0.201927661895752,1.83605177898099,-0.391618929113482,872,"RS",TRUE,3
"2873",0.202193021774292,1.31678391685192,-0.959136204253705,873,"RS",TRUE,3
"2874",0.202465295791626,0.613000358045885,-0.600784505677538,874,"RS",TRUE,3
"2875",NA,NA,NA,875,"RS",TRUE,3
"2876",NA,NA,NA,876,"RS",TRUE,3
"2877",NA,NA,NA,877,"RS",TRUE,3
"2878",NA,NA,NA,878,"RS",TRUE,3
"2879",0.203566789627075,1.7720459194972,-1.33623539775774,879,"RS",TRUE,3
"2880",0.203874111175537,0.70495180619288,-0.454212891544485,880,"RS",TRUE,3
"2881",NA,NA,NA,881,"RS",TRUE,3
"2882",NA,NA,NA,882,"RS",TRUE,3
"2883",NA,NA,NA,883,"RS",TRUE,3
"2884",NA,NA,NA,884,"RS",TRUE,3
"2885",NA,NA,NA,885,"RS",TRUE,3
"2886",NA,NA,NA,886,"RS",TRUE,3
"2887",NA,NA,NA,887,"RS",TRUE,3
"2888",NA,NA,NA,888,"RS",TRUE,3
"2889",NA,NA,NA,889,"RS",TRUE,3
"2890",NA,NA,NA,890,"RS",TRUE,3
"2891",0.20622706413269,0.748205265648679,-1.09298327132476,891,"RS",TRUE,3
"2892",NA,NA,NA,892,"RS",TRUE,3
"2893",NA,NA,NA,893,"RS",TRUE,3
"2894",NA,NA,NA,894,"RS",TRUE,3
"2895",NA,NA,NA,895,"RS",TRUE,3
"2896",NA,NA,NA,896,"RS",TRUE,3
"2897",NA,NA,NA,897,"RS",TRUE,3
"2898",NA,NA,NA,898,"RS",TRUE,3
"2899",NA,NA,NA,899,"RS",TRUE,3
"2900",NA,NA,NA,900,"RS",TRUE,3
"2901",NA,NA,NA,901,"RS",TRUE,3
"2902",NA,NA,NA,902,"RS",TRUE,3
"2903",NA,NA,NA,903,"RS",TRUE,3
"2904",NA,NA,NA,904,"RS",TRUE,3
"2905",NA,NA,NA,905,"RS",TRUE,3
"2906",NA,NA,NA,906,"RS",TRUE,3
"2907",0.209658145904541,0.401185358076564,-0.272123979703479,907,"RS",TRUE,3
"2908",0.209925889968872,0.493044140919892,0.00653880205415929,908,"RS",TRUE,3
"2909",NA,NA,NA,909,"RS",TRUE,3
"2910",NA,NA,NA,910,"RS",TRUE,3
"2911",0.21061110496521,1.25790052736589,-0.821339635668774,911,"RS",TRUE,3
"2912",NA,NA,NA,912,"RS",TRUE,3
"2913",NA,NA,NA,913,"RS",TRUE,3
"2914",NA,NA,NA,914,"RS",TRUE,3
"2915",NA,NA,NA,915,"RS",TRUE,3
"2916",NA,NA,NA,916,"RS",TRUE,3
"2917",NA,NA,NA,917,"RS",TRUE,3
"2918",NA,NA,NA,918,"RS",TRUE,3
"2919",NA,NA,NA,919,"RS",TRUE,3
"2920",NA,NA,NA,920,"RS",TRUE,3
"2921",NA,NA,NA,921,"RS",TRUE,3
"2922",0.212972640991211,1.88817705248138,-0.66179354578195,922,"RS",TRUE,3
"2923",NA,NA,NA,923,"RS",TRUE,3
"2924",NA,NA,NA,924,"RS",TRUE,3
"2925",NA,NA,NA,925,"RS",TRUE,3
"2926",NA,NA,NA,926,"RS",TRUE,3
"2927",0.2140793800354,0.503089769372531,-0.161143039220267,927,"RS",TRUE,3
"2928",NA,NA,NA,928,"RS",TRUE,3
"2929",NA,NA,NA,929,"RS",TRUE,3
"2930",0.214765548706055,1.11858903440181,-0.949778755838037,930,"RS",TRUE,3
"2931",NA,NA,NA,931,"RS",TRUE,3
"2932",NA,NA,NA,932,"RS",TRUE,3
"2933",0.215446710586548,1.11266901263631,-1.01999981704363,933,"RS",TRUE,3
"2934",NA,NA,NA,934,"RS",TRUE,3
"2935",NA,NA,NA,935,"RS",TRUE,3
"2936",NA,NA,NA,936,"RS",TRUE,3
"2937",NA,NA,NA,937,"RS",TRUE,3
"2938",0.216552019119263,0.43742727888304,-1.16205224769462,938,"RS",TRUE,3
"2939",NA,NA,NA,939,"RS",TRUE,3
"2940",NA,NA,NA,940,"RS",TRUE,3
"2941",NA,NA,NA,941,"RS",TRUE,3
"2942",NA,NA,NA,942,"RS",TRUE,3
"2943",NA,NA,NA,943,"RS",TRUE,3
"2944",NA,NA,NA,944,"RS",TRUE,3
"2945",NA,NA,NA,945,"RS",TRUE,3
"2946",NA,NA,NA,946,"RS",TRUE,3
"2947",NA,NA,NA,947,"RS",TRUE,3
"2948",NA,NA,NA,948,"RS",TRUE,3
"2949",NA,NA,NA,949,"RS",TRUE,3
"2950",NA,NA,NA,950,"RS",TRUE,3
"2951",NA,NA,NA,951,"RS",TRUE,3
"2952",NA,NA,NA,952,"RS",TRUE,3
"2953",NA,NA,NA,953,"RS",TRUE,3
"2954",NA,NA,NA,954,"RS",TRUE,3
"2955",NA,NA,NA,955,"RS",TRUE,3
"2956",NA,NA,NA,956,"RS",TRUE,3
"2957",0.224027395248413,0.974853528708965,-0.942047208244963,957,"RS",TRUE,3
"2958",NA,NA,NA,958,"RS",TRUE,3
"2959",NA,NA,NA,959,"RS",TRUE,3
"2960",NA,NA,NA,960,"RS",TRUE,3
"2961",NA,NA,NA,961,"RS",TRUE,3
"2962",NA,NA,NA,962,"RS",TRUE,3
"2963",NA,NA,NA,963,"RS",TRUE,3
"2964",NA,NA,NA,964,"RS",TRUE,3
"2965",NA,NA,NA,965,"RS",TRUE,3
"2966",NA,NA,NA,966,"RS",TRUE,3
"2967",NA,NA,NA,967,"RS",TRUE,3
"2968",NA,NA,NA,968,"RS",TRUE,3
"2969",NA,NA,NA,969,"RS",TRUE,3
"2970",NA,NA,NA,970,"RS",TRUE,3
"2971",NA,NA,NA,971,"RS",TRUE,3
"2972",NA,NA,NA,972,"RS",TRUE,3
"2973",NA,NA,NA,973,"RS",TRUE,3
"2974",NA,NA,NA,974,"RS",TRUE,3
"2975",NA,NA,NA,975,"RS",TRUE,3
"2976",0.22804856300354,1.56730319153071,-1.58940346924912,976,"RS",TRUE,3
"2977",NA,NA,NA,977,"RS",TRUE,3
"2978",NA,NA,NA,978,"RS",TRUE,3
"2979",NA,NA,NA,979,"RS",TRUE,3
"2980",NA,NA,NA,980,"RS",TRUE,3
"2981",NA,NA,NA,981,"RS",TRUE,3
"2982",0.22933292388916,1.0949673241162,-0.229275033058861,982,"RS",TRUE,3
"2983",NA,NA,NA,983,"RS",TRUE,3
"2984",NA,NA,NA,984,"RS",TRUE,3
"2985",NA,NA,NA,985,"RS",TRUE,3
"2986",0.230209350585938,1.22841028314923,-0.263711931218792,986,"RS",TRUE,3
"2987",0.23047137260437,1.41388135024161,-1.08352677318214,987,"RS",TRUE,3
"2988",NA,NA,NA,988,"RS",TRUE,3
"2989",NA,NA,NA,989,"RS",TRUE,3
"2990",NA,NA,NA,990,"RS",TRUE,3
"2991",NA,NA,NA,991,"RS",TRUE,3
"2992",NA,NA,NA,992,"RS",TRUE,3
"2993",0.231755256652832,0.810791421399602,-0.764378068238658,993,"RS",TRUE,3
"2994",NA,NA,NA,994,"RS",TRUE,3
"2995",0.232222557067871,1.43594933855012,-1.23686907590496,995,"RS",TRUE,3
"2996",0.232479572296143,1.54322945060804,-0.0820651549806922,996,"RS",TRUE,3
"2997",NA,NA,NA,997,"RS",TRUE,3
"2998",NA,NA,NA,998,"RS",TRUE,3
"2999",NA,NA,NA,999,"RS",TRUE,3
"3000",NA,NA,NA,1000,"RS",TRUE,3
"3001",NA,NA,NA,1,"RS",TRUE,4
"3002",NA,NA,NA,2,"RS",TRUE,4
"3003",NA,NA,NA,3,"RS",TRUE,4
"3004",NA,NA,NA,4,"RS",TRUE,4
"3005",NA,NA,NA,5,"RS",TRUE,4
"3006",NA,NA,NA,6,"RS",TRUE,4
"3007",NA,NA,NA,7,"RS",TRUE,4
"3008",NA,NA,NA,8,"RS",TRUE,4
"3009",NA,NA,NA,9,"RS",TRUE,4
"3010",NA,NA,NA,10,"RS",TRUE,4
"3011",NA,NA,NA,11,"RS",TRUE,4
"3012",NA,NA,NA,12,"RS",TRUE,4
"3013",0.00278687477111816,1.39265679459721,-0.680836277006643,13,"RS",TRUE,4
"3014",NA,NA,NA,14,"RS",TRUE,4
"3015",NA,NA,NA,15,"RS",TRUE,4
"3016",0.00348114967346191,0.405440736543851,-0.15438422959179,16,"RS",TRUE,4
"3017",NA,NA,NA,17,"RS",TRUE,4
"3018",NA,NA,NA,18,"RS",TRUE,4
"3019",0.00418710708618164,1.01340180133925,-1.07301778721168,19,"RS",TRUE,4
"3020",NA,NA,NA,20,"RS",TRUE,4
"3021",0.00467205047607422,2.53481577446729,-0.606513722237106,21,"RS",TRUE,4
"3022",NA,NA,NA,22,"RS",TRUE,4
"3023",0.00514769554138184,0.852503090971544,-0.39429371988616,23,"RS",TRUE,4
"3024",NA,NA,NA,24,"RS",TRUE,4
"3025",0.00562596321105957,0.669152577604052,-0.539920207149495,25,"RS",TRUE,4
"3026",0.00589084625244141,0.366650136704074,-0.0448006085395069,26,"RS",TRUE,4
"3027",NA,NA,NA,27,"RS",TRUE,4
"3028",NA,NA,NA,28,"RS",TRUE,4
"3029",NA,NA,NA,29,"RS",TRUE,4
"3030",NA,NA,NA,30,"RS",TRUE,4
"3031",NA,NA,NA,31,"RS",TRUE,4
"3032",NA,NA,NA,32,"RS",TRUE,4
"3033",NA,NA,NA,33,"RS",TRUE,4
"3034",0.00763607025146484,1.90116506432083,-0.43493156118397,34,"RS",TRUE,4
"3035",NA,NA,NA,35,"RS",TRUE,4
"3036",NA,NA,NA,36,"RS",TRUE,4
"3037",NA,NA,NA,37,"RS",TRUE,4
"3038",NA,NA,NA,38,"RS",TRUE,4
"3039",0.00874710083007812,1.58964145429285,-0.0772511743826714,39,"RS",TRUE,4
"3040",NA,NA,NA,40,"RS",TRUE,4
"3041",NA,NA,NA,41,"RS",TRUE,4
"3042",NA,NA,NA,42,"RS",TRUE,4
"3043",NA,NA,NA,43,"RS",TRUE,4
"3044",0.00985145568847656,1.31928656466034,-0.141145762595514,44,"RS",TRUE,4
"3045",NA,NA,NA,45,"RS",TRUE,4
"3046",NA,NA,NA,46,"RS",TRUE,4
"3047",0.0105438232421875,2.24383000653168,-0.487223509791575,47,"RS",TRUE,4
"3048",0.0108163356781006,0.852875492436582,-1.13534259470482,48,"RS",TRUE,4
"3049",NA,NA,NA,49,"RS",TRUE,4
"3050",NA,NA,NA,50,"RS",TRUE,4
"3051",0.0115029811859131,1.33534504764878,-1.30954396140536,51,"RS",TRUE,4
"3052",NA,NA,NA,52,"RS",TRUE,4
"3053",NA,NA,NA,53,"RS",TRUE,4
"3054",NA,NA,NA,54,"RS",TRUE,4
"3055",NA,NA,NA,55,"RS",TRUE,4
"3056",NA,NA,NA,56,"RS",TRUE,4
"3057",0.012819766998291,1.39834977363729,0.0842072962432815,57,"RS",TRUE,4
"3058",0.0130865573883057,1.25326142183295,0.406100524163079,58,"RS",TRUE,4
"3059",NA,NA,NA,59,"RS",TRUE,4
"3060",NA,NA,NA,60,"RS",TRUE,4
"3061",NA,NA,NA,61,"RS",TRUE,4
"3062",NA,NA,NA,62,"RS",TRUE,4
"3063",NA,NA,NA,63,"RS",TRUE,4
"3064",0.0143969058990479,0.829033117676565,-1.35171688276763,64,"RS",TRUE,4
"3065",0.0146658420562744,0.373187626987609,-0.166051491885745,65,"RS",TRUE,4
"3066",NA,NA,NA,66,"RS",TRUE,4
"3067",0.015139102935791,1.35994956172282,-0.149714216490372,67,"RS",TRUE,4
"3068",NA,NA,NA,68,"RS",TRUE,4
"3069",0.0156204700469971,0.874136417565255,0.101194681941992,69,"RS",TRUE,4
"3070",NA,NA,NA,70,"RS",TRUE,4
"3071",NA,NA,NA,71,"RS",TRUE,4
"3072",NA,NA,NA,72,"RS",TRUE,4
"3073",NA,NA,NA,73,"RS",TRUE,4
"3074",0.0167386531829834,1.86714739075137,-0.784785812092909,74,"RS",TRUE,4
"3075",NA,NA,NA,75,"RS",TRUE,4
"3076",NA,NA,NA,76,"RS",TRUE,4
"3077",NA,NA,NA,77,"RS",TRUE,4
"3078",NA,NA,NA,78,"RS",TRUE,4
"3079",0.0178401470184326,2.14894315507727,0.065291753895955,79,"RS",TRUE,4
"3080",NA,NA,NA,80,"RS",TRUE,4
"3081",NA,NA,NA,81,"RS",TRUE,4
"3082",0.0185260772705078,0.848613841090575,-0.00744902196742136,82,"RS",TRUE,4
"3083",NA,NA,NA,83,"RS",TRUE,4
"3084",NA,NA,NA,84,"RS",TRUE,4
"3085",NA,NA,NA,85,"RS",TRUE,4
"3086",NA,NA,NA,86,"RS",TRUE,4
"3087",0.0196409225463867,1.31044351066061,-0.914230790239644,87,"RS",TRUE,4
"3088",NA,NA,NA,88,"RS",TRUE,4
"3089",NA,NA,NA,89,"RS",TRUE,4
"3090",0.020343542098999,0.78396267376553,-0.290849054593597,90,"RS",TRUE,4
"3091",NA,NA,NA,91,"RS",TRUE,4
"3092",NA,NA,NA,92,"RS",TRUE,4
"3093",NA,NA,NA,93,"RS",TRUE,4
"3094",0.0212469100952148,1.31008149067673,0.126432114448269,94,"RS",TRUE,4
"3095",NA,NA,NA,95,"RS",TRUE,4
"3096",NA,NA,NA,96,"RS",TRUE,4
"3097",NA,NA,NA,97,"RS",TRUE,4
"3098",NA,NA,NA,98,"RS",TRUE,4
"3099",NA,NA,NA,99,"RS",TRUE,4
"3100",NA,NA,NA,100,"RS",TRUE,4
"3101",NA,NA,NA,101,"RS",TRUE,4
"3102",NA,NA,NA,102,"RS",TRUE,4
"3103",0.0231914520263672,0.845398321729735,-0.781198677092034,103,"RS",TRUE,4
"3104",NA,NA,NA,104,"RS",TRUE,4
"3105",NA,NA,NA,105,"RS",TRUE,4
"3106",0.0238823890686035,0.763657518485929,-1.35179317000528,106,"RS",TRUE,4
"3107",NA,NA,NA,107,"RS",TRUE,4
"3108",NA,NA,NA,108,"RS",TRUE,4
"3109",NA,NA,NA,109,"RS",TRUE,4
"3110",0.024794340133667,0.953487444801082,-0.26868460956107,110,"RS",TRUE,4
"3111",NA,NA,NA,111,"RS",TRUE,4
"3112",0.0290122032165527,0.869239362514739,-0.294648448794962,112,"RS",TRUE,4
"3113",0.0292844772338867,1.00717968043088,-0.687326079450774,113,"RS",TRUE,4
"3114",NA,NA,NA,114,"RS",TRUE,4
"3115",0.029820442199707,1.16196557415679,-0.40818940505526,115,"RS",TRUE,4
"3116",NA,NA,NA,116,"RS",TRUE,4
"3117",NA,NA,NA,117,"RS",TRUE,4
"3118",NA,NA,NA,118,"RS",TRUE,4
"3119",NA,NA,NA,119,"RS",TRUE,4
"3120",0.030909538269043,0.811176489726279,-0.530349105818367,120,"RS",TRUE,4
"3121",NA,NA,NA,121,"RS",TRUE,4
"3122",0.0313887596130371,0.950246122796686,-0.773658740666983,122,"RS",TRUE,4
"3123",NA,NA,NA,123,"RS",TRUE,4
"3124",NA,NA,NA,124,"RS",TRUE,4
"3125",0.0320606231689453,1.4867801256501,0.216300980518154,125,"RS",TRUE,4
"3126",NA,NA,NA,126,"RS",TRUE,4
"3127",0.0325324535369873,1.77396981748116,-1.01389478268955,127,"RS",TRUE,4
"3128",NA,NA,NA,128,"RS",TRUE,4
"3129",NA,NA,NA,129,"RS",TRUE,4
"3130",0.033198356628418,1.10532692411739,-0.378148098328505,130,"RS",TRUE,4
"3131",0.0334615707397461,0.720770173634174,-0.636193471389233,131,"RS",TRUE,4
"3132",NA,NA,NA,132,"RS",TRUE,4
"3133",NA,NA,NA,133,"RS",TRUE,4
"3134",NA,NA,NA,134,"RS",TRUE,4
"3135",NA,NA,NA,135,"RS",TRUE,4
"3136",NA,NA,NA,136,"RS",TRUE,4
"3137",0.0347456932067871,0.939978096999532,-0.63697946256287,137,"RS",TRUE,4
"3138",NA,NA,NA,138,"RS",TRUE,4
"3139",NA,NA,NA,139,"RS",TRUE,4
"3140",NA,NA,NA,140,"RS",TRUE,4
"3141",NA,NA,NA,141,"RS",TRUE,4
"3142",NA,NA,NA,142,"RS",TRUE,4
"3143",NA,NA,NA,143,"RS",TRUE,4
"3144",0.0362348556518555,1.44727276886131,-0.0487555761005063,144,"RS",TRUE,4
"3145",NA,NA,NA,145,"RS",TRUE,4
"3146",0.036712646484375,0.364491589639618,-0.669865827822774,146,"RS",TRUE,4
"3147",NA,NA,NA,147,"RS",TRUE,4
"3148",NA,NA,NA,148,"RS",TRUE,4
"3149",NA,NA,NA,149,"RS",TRUE,4
"3150",NA,NA,NA,150,"RS",TRUE,4
"3151",NA,NA,NA,151,"RS",TRUE,4
"3152",NA,NA,NA,152,"RS",TRUE,4
"3153",NA,NA,NA,153,"RS",TRUE,4
"3154",NA,NA,NA,154,"RS",TRUE,4
"3155",0.0386178493499756,0.807793033925272,-0.101020202878122,155,"RS",TRUE,4
"3156",NA,NA,NA,156,"RS",TRUE,4
"3157",NA,NA,NA,157,"RS",TRUE,4
"3158",NA,NA,NA,158,"RS",TRUE,4
"3159",NA,NA,NA,159,"RS",TRUE,4
"3160",NA,NA,NA,160,"RS",TRUE,4
"3161",0.0399167537689209,1.80867314935458,-0.94202311842673,161,"RS",TRUE,4
"3162",NA,NA,NA,162,"RS",TRUE,4
"3163",0.0403947830200195,0.630887009843281,-1.22879958123378,163,"RS",TRUE,4
"3164",NA,NA,NA,164,"RS",TRUE,4
"3165",NA,NA,NA,165,"RS",TRUE,4
"3166",NA,NA,NA,166,"RS",TRUE,4
"3167",NA,NA,NA,167,"RS",TRUE,4
"3168",NA,NA,NA,168,"RS",TRUE,4
"3169",NA,NA,NA,169,"RS",TRUE,4
"3170",NA,NA,NA,170,"RS",TRUE,4
"3171",NA,NA,NA,171,"RS",TRUE,4
"3172",0.0423140525817871,1.32167996124113,-0.336124002418162,172,"RS",TRUE,4
"3173",NA,NA,NA,173,"RS",TRUE,4
"3174",0.0427978038787842,1.17504070752406,-0.937950057998406,174,"RS",TRUE,4
"3175",0.0430643558502197,0.415287625455708,-1.0690150492838,175,"RS",TRUE,4
"3176",NA,NA,NA,176,"RS",TRUE,4
"3177",NA,NA,NA,177,"RS",TRUE,4
"3178",NA,NA,NA,178,"RS",TRUE,4
"3179",0.0439577102661133,0.962232518944689,-1.50693005933793,179,"RS",TRUE,4
"3180",NA,NA,NA,180,"RS",TRUE,4
"3181",NA,NA,NA,181,"RS",TRUE,4
"3182",0.0446431636810303,0.87300353238703,-0.518990610376646,182,"RS",TRUE,4
"3183",0.0449116230010986,1.17829047730739,-0.121052599241809,183,"RS",TRUE,4
"3184",0.0451769828796387,1.15976486762639,-0.874608642184196,184,"RS",TRUE,4
"3185",NA,NA,NA,185,"RS",TRUE,4
"3186",NA,NA,NA,186,"RS",TRUE,4
"3187",NA,NA,NA,187,"RS",TRUE,4
"3188",NA,NA,NA,188,"RS",TRUE,4
"3189",0.0462865829467773,1.03147752915416,-1.46268544307358,189,"RS",TRUE,4
"3190",0.0465545654296875,1.61681680777029,-0.726134162821264,190,"RS",TRUE,4
"3191",NA,NA,NA,191,"RS",TRUE,4
"3192",NA,NA,NA,192,"RS",TRUE,4
"3193",NA,NA,NA,193,"RS",TRUE,4
"3194",NA,NA,NA,194,"RS",TRUE,4
"3195",NA,NA,NA,195,"RS",TRUE,4
"3196",NA,NA,NA,196,"RS",TRUE,4
"3197",0.0480883121490479,0.698807538122696,0.238322113140183,197,"RS",TRUE,4
"3198",NA,NA,NA,198,"RS",TRUE,4
"3199",NA,NA,NA,199,"RS",TRUE,4
"3200",NA,NA,NA,200,"RS",TRUE,4
"3201",NA,NA,NA,201,"RS",TRUE,4
"3202",0.0491852760314941,0.400264383848173,-0.254575196138512,202,"RS",TRUE,4
"3203",0.0494518280029297,0.864923018579435,-0.707624521018808,203,"RS",TRUE,4
"3204",NA,NA,NA,204,"RS",TRUE,4
"3205",NA,NA,NA,205,"RS",TRUE,4
"3206",NA,NA,NA,206,"RS",TRUE,4
"3207",NA,NA,NA,207,"RS",TRUE,4
"3208",NA,NA,NA,208,"RS",TRUE,4
"3209",NA,NA,NA,209,"RS",TRUE,4
"3210",NA,NA,NA,210,"RS",TRUE,4
"3211",0.0511798858642578,1.997189314036,-0.200461813593302,211,"RS",TRUE,4
"3212",0.0514538288116455,0.821799044469669,-0.764693462347593,212,"RS",TRUE,4
"3213",NA,NA,NA,213,"RS",TRUE,4
"3214",NA,NA,NA,214,"RS",TRUE,4
"3215",NA,NA,NA,215,"RS",TRUE,4
"3216",NA,NA,NA,216,"RS",TRUE,4
"3217",NA,NA,NA,217,"RS",TRUE,4
"3218",NA,NA,NA,218,"RS",TRUE,4
"3219",NA,NA,NA,219,"RS",TRUE,4
"3220",NA,NA,NA,220,"RS",TRUE,4
"3221",NA,NA,NA,221,"RS",TRUE,4
"3222",NA,NA,NA,222,"RS",TRUE,4
"3223",NA,NA,NA,223,"RS",TRUE,4
"3224",0.0540220737457275,0.608938337497679,-0.216401088724531,224,"RS",TRUE,4
"3225",NA,NA,NA,225,"RS",TRUE,4
"3226",NA,NA,NA,226,"RS",TRUE,4
"3227",NA,NA,NA,227,"RS",TRUE,4
"3228",NA,NA,NA,228,"RS",TRUE,4
"3229",NA,NA,NA,229,"RS",TRUE,4
"3230",NA,NA,NA,230,"RS",TRUE,4
"3231",NA,NA,NA,231,"RS",TRUE,4
"3232",NA,NA,NA,232,"RS",TRUE,4
"3233",NA,NA,NA,233,"RS",TRUE,4
"3234",NA,NA,NA,234,"RS",TRUE,4
"3235",NA,NA,NA,235,"RS",TRUE,4
"3236",NA,NA,NA,236,"RS",TRUE,4
"3237",NA,NA,NA,237,"RS",TRUE,4
"3238",0.0569920539855957,0.819654097925082,-1.51204284126338,238,"RS",TRUE,4
"3239",NA,NA,NA,239,"RS",TRUE,4
"3240",NA,NA,NA,240,"RS",TRUE,4
"3241",0.0576705932617188,0.311158930308275,-0.653418019574906,241,"RS",TRUE,4
"3242",0.0579450130462646,0.97132557062392,-1.28110731894905,242,"RS",TRUE,4
"3243",NA,NA,NA,243,"RS",TRUE,4
"3244",0.0584256649017334,1.37076288223738,-0.984942609421342,244,"RS",TRUE,4
"3245",NA,NA,NA,245,"RS",TRUE,4
"3246",NA,NA,NA,246,"RS",TRUE,4
"3247",NA,NA,NA,247,"RS",TRUE,4
"3248",NA,NA,NA,248,"RS",TRUE,4
"3249",0.059532642364502,1.03070558992006,0.0660761229588033,249,"RS",TRUE,4
"3250",NA,NA,NA,250,"RS",TRUE,4
"3251",NA,NA,NA,251,"RS",TRUE,4
"3252",0.0602459907531738,1.37011938223122,-1.01188109011142,252,"RS",TRUE,4
"3253",NA,NA,NA,253,"RS",TRUE,4
"3254",0.0607571601867676,0.507065527213036,0.031276552834011,254,"RS",TRUE,4
"3255",0.061025857925415,1.53781499906313,-0.646782581869027,255,"RS",TRUE,4
"3256",NA,NA,NA,256,"RS",TRUE,4
"3257",NA,NA,NA,257,"RS",TRUE,4
"3258",0.0617024898529053,0.340545437354956,-0.557021643331059,258,"RS",TRUE,4
"3259",NA,NA,NA,259,"RS",TRUE,4
"3260",NA,NA,NA,260,"RS",TRUE,4
"3261",0.0624163150787354,1.06298863827549,-1.29138800812094,261,"RS",TRUE,4
"3262",0.0626871585845947,1.98206618912973,-0.498551132591596,262,"RS",TRUE,4
"3263",NA,NA,NA,263,"RS",TRUE,4
"3264",NA,NA,NA,264,"RS",TRUE,4
"3265",NA,NA,NA,265,"RS",TRUE,4
"3266",NA,NA,NA,266,"RS",TRUE,4
"3267",NA,NA,NA,267,"RS",TRUE,4
"3268",NA,NA,NA,268,"RS",TRUE,4
"3269",0.0642411708831787,1.4265377075655,-0.370551564036456,269,"RS",TRUE,4
"3270",NA,NA,NA,270,"RS",TRUE,4
"3271",NA,NA,NA,271,"RS",TRUE,4
"3272",NA,NA,NA,272,"RS",TRUE,4
"3273",NA,NA,NA,273,"RS",TRUE,4
"3274",NA,NA,NA,274,"RS",TRUE,4
"3275",NA,NA,NA,275,"RS",TRUE,4
"3276",NA,NA,NA,276,"RS",TRUE,4
"3277",NA,NA,NA,277,"RS",TRUE,4
"3278",0.066220760345459,0.544396406698616,-0.365576332405379,278,"RS",TRUE,4
"3279",0.066495418548584,0.316950273753059,-0.5992728243455,279,"RS",TRUE,4
"3280",0.0667624473571777,0.418720034870302,-0.767658214500926,280,"RS",TRUE,4
"3281",NA,NA,NA,281,"RS",TRUE,4
"3282",NA,NA,NA,282,"RS",TRUE,4
"3283",NA,NA,NA,283,"RS",TRUE,4
"3284",NA,NA,NA,284,"RS",TRUE,4
"3285",NA,NA,NA,285,"RS",TRUE,4
"3286",NA,NA,NA,286,"RS",TRUE,4
"3287",NA,NA,NA,287,"RS",TRUE,4
"3288",NA,NA,NA,288,"RS",TRUE,4
"3289",0.0686864852905273,1.46889381804717,0.279096806737394,289,"RS",TRUE,4
"3290",0.0689568519592285,1.54827933403467,-0.801819600577706,290,"RS",TRUE,4
"3291",NA,NA,NA,291,"RS",TRUE,4
"3292",0.06943678855896,1.22441028541744,-0.331347096288834,292,"RS",TRUE,4
"3293",0.0697040557861328,0.698441950052105,0.0368928688451219,293,"RS",TRUE,4
"3294",NA,NA,NA,294,"RS",TRUE,4
"3295",NA,NA,NA,295,"RS",TRUE,4
"3296",NA,NA,NA,296,"RS",TRUE,4
"3297",NA,NA,NA,297,"RS",TRUE,4
"3298",0.0707967281341553,1.62016909546342,-0.471765155403208,298,"RS",TRUE,4
"3299",NA,NA,NA,299,"RS",TRUE,4
"3300",0.0712721347808838,0.313828822466777,-0.543924430432366,300,"RS",TRUE,4
"3301",NA,NA,NA,301,"RS",TRUE,4
"3302",0.0717470645904541,0.802798755874164,-0.475457080034126,302,"RS",TRUE,4
"3303",NA,NA,NA,303,"RS",TRUE,4
"3304",NA,NA,NA,304,"RS",TRUE,4
"3305",NA,NA,NA,305,"RS",TRUE,4
"3306",NA,NA,NA,306,"RS",TRUE,4
"3307",0.0728609561920166,1.80824054014659,-0.931172501265306,307,"RS",TRUE,4
"3308",NA,NA,NA,308,"RS",TRUE,4
"3309",NA,NA,NA,309,"RS",TRUE,4
"3310",NA,NA,NA,310,"RS",TRUE,4
"3311",NA,NA,NA,311,"RS",TRUE,4
"3312",NA,NA,NA,312,"RS",TRUE,4
"3313",NA,NA,NA,313,"RS",TRUE,4
"3314",NA,NA,NA,314,"RS",TRUE,4
"3315",NA,NA,NA,315,"RS",TRUE,4
"3316",NA,NA,NA,316,"RS",TRUE,4
"3317",NA,NA,NA,317,"RS",TRUE,4
"3318",NA,NA,NA,318,"RS",TRUE,4
"3319",NA,NA,NA,319,"RS",TRUE,4
"3320",NA,NA,NA,320,"RS",TRUE,4
"3321",0.0758144855499268,1.30516729292435,-0.743035462019694,321,"RS",TRUE,4
"3322",NA,NA,NA,322,"RS",TRUE,4
"3323",NA,NA,NA,323,"RS",TRUE,4
"3324",NA,NA,NA,324,"RS",TRUE,4
"3325",NA,NA,NA,325,"RS",TRUE,4
"3326",0.0769214630126953,0.416592113304881,-0.569544140463053,326,"RS",TRUE,4
"3327",NA,NA,NA,327,"RS",TRUE,4
"3328",0.0773937702178955,0.938278346404443,-0.996936673541261,328,"RS",TRUE,4
"3329",0.077678918838501,0.773683470833798,-1.25626067741574,329,"RS",TRUE,4
"3330",NA,NA,NA,330,"RS",TRUE,4
"3331",NA,NA,NA,331,"RS",TRUE,4
"3332",0.0783662796020508,0.812733740891355,-1.51467047594294,332,"RS",TRUE,4
"3333",NA,NA,NA,333,"RS",TRUE,4
"3334",NA,NA,NA,334,"RS",TRUE,4
"3335",NA,NA,NA,335,"RS",TRUE,4
"3336",NA,NA,NA,336,"RS",TRUE,4
"3337",0.0794565677642822,1.46626766456932,0.0187361475244022,337,"RS",TRUE,4
"3338",0.0797214508056641,0.509263567590777,0.0110462102631908,338,"RS",TRUE,4
"3339",NA,NA,NA,339,"RS",TRUE,4
"3340",NA,NA,NA,340,"RS",TRUE,4
"3341",0.0804100036621094,1.13806857215627,-0.930526353485553,341,"RS",TRUE,4
"3342",NA,NA,NA,342,"RS",TRUE,4
"3343",0.0808930397033691,0.523339038457239,-0.260700230599801,343,"RS",TRUE,4
"3344",0.0811622142791748,0.666695766122085,-0.123351828875347,344,"RS",TRUE,4
"3345",NA,NA,NA,345,"RS",TRUE,4
"3346",NA,NA,NA,346,"RS",TRUE,4
"3347",NA,NA,NA,347,"RS",TRUE,4
"3348",NA,NA,NA,348,"RS",TRUE,4
"3349",NA,NA,NA,349,"RS",TRUE,4
"3350",NA,NA,NA,350,"RS",TRUE,4
"3351",NA,NA,NA,351,"RS",TRUE,4
"3352",0.0828919410705566,0.571940993495253,-0.362533650014528,352,"RS",TRUE,4
"3353",NA,NA,NA,353,"RS",TRUE,4
"3354",NA,NA,NA,354,"RS",TRUE,4
"3355",NA,NA,NA,355,"RS",TRUE,4
"3356",NA,NA,NA,356,"RS",TRUE,4
"3357",0.0839934349060059,0.940242317025314,-0.924405075232895,357,"RS",TRUE,4
"3358",NA,NA,NA,358,"RS",TRUE,4
"3359",NA,NA,NA,359,"RS",TRUE,4
"3360",NA,NA,NA,360,"RS",TRUE,4
"3361",NA,NA,NA,361,"RS",TRUE,4
"3362",NA,NA,NA,362,"RS",TRUE,4
"3363",NA,NA,NA,363,"RS",TRUE,4
"3364",0.0855176448822021,0.788102310015603,-0.285362885517622,364,"RS",TRUE,4
"3365",0.0857918262481689,0.848569843052412,-0.337772349848488,365,"RS",TRUE,4
"3366",0.0860650539398193,2.91996894850365,-1.57920727159078,366,"RS",TRUE,4
"3367",NA,NA,NA,367,"RS",TRUE,4
"3368",NA,NA,NA,368,"RS",TRUE,4
"3369",NA,NA,NA,369,"RS",TRUE,4
"3370",NA,NA,NA,370,"RS",TRUE,4
"3371",NA,NA,NA,371,"RS",TRUE,4
"3372",NA,NA,NA,372,"RS",TRUE,4
"3373",NA,NA,NA,373,"RS",TRUE,4
"3374",0.087815523147583,2.08041245789353,-2.11014322986291,374,"RS",TRUE,4
"3375",0.088090181350708,1.36056962932097,-0.0476320569867768,375,"RS",TRUE,4
"3376",NA,NA,NA,376,"RS",TRUE,4
"3377",NA,NA,NA,377,"RS",TRUE,4
"3378",NA,NA,NA,378,"RS",TRUE,4
"3379",NA,NA,NA,379,"RS",TRUE,4
"3380",NA,NA,NA,380,"RS",TRUE,4
"3381",NA,NA,NA,381,"RS",TRUE,4
"3382",0.089606761932373,1.23579682347835,0.329056380957475,382,"RS",TRUE,4
"3383",0.0898761749267578,0.736924397910094,-0.150542788824912,383,"RS",TRUE,4
"3384",0.0901460647583008,2.02120403568179,-1.0000663694547,384,"RS",TRUE,4
"3385",NA,NA,NA,385,"RS",TRUE,4
"3386",NA,NA,NA,386,"RS",TRUE,4
"3387",NA,NA,NA,387,"RS",TRUE,4
"3388",NA,NA,NA,388,"RS",TRUE,4
"3389",NA,NA,NA,389,"RS",TRUE,4
"3390",0.0914685726165771,0.576687040969813,-0.447315395459891,390,"RS",TRUE,4
"3391",0.0917441844940186,1.43755633385726,-0.618709600811778,391,"RS",TRUE,4
"3392",NA,NA,NA,392,"RS",TRUE,4
"3393",NA,NA,NA,393,"RS",TRUE,4
"3394",NA,NA,NA,394,"RS",TRUE,4
"3395",NA,NA,NA,395,"RS",TRUE,4
"3396",NA,NA,NA,396,"RS",TRUE,4
"3397",NA,NA,NA,397,"RS",TRUE,4
"3398",NA,NA,NA,398,"RS",TRUE,4
"3399",NA,NA,NA,399,"RS",TRUE,4
"3400",0.0936911106109619,1.78828923028401,-0.908764998196299,400,"RS",TRUE,4
"3401",0.093963623046875,0.887007889553118,-0.00825474229386559,401,"RS",TRUE,4
"3402",0.0942313671112061,1.25463883930212,-1.11805996576077,402,"RS",TRUE,4
"3403",0.094501256942749,1.30758673485329,-0.801923991701444,403,"RS",TRUE,4
"3404",NA,NA,NA,404,"RS",TRUE,4
"3405",0.0949802398681641,1.21080279364333,-0.896095553690101,405,"RS",TRUE,4
"3406",NA,NA,NA,406,"RS",TRUE,4
"3407",NA,NA,NA,407,"RS",TRUE,4
"3408",0.0956549644470215,1.14527093056084,-0.297074941064103,408,"RS",TRUE,4
"3409",NA,NA,NA,409,"RS",TRUE,4
"3410",NA,NA,NA,410,"RS",TRUE,4
"3411",0.0963506698608398,0.763854596659302,-0.720038890219713,411,"RS",TRUE,4
"3412",NA,NA,NA,412,"RS",TRUE,4
"3413",NA,NA,NA,413,"RS",TRUE,4
"3414",0.0970380306243896,0.642224874936971,-0.663213160572438,414,"RS",TRUE,4
"3415",NA,NA,NA,415,"RS",TRUE,4
"3416",NA,NA,NA,416,"RS",TRUE,4
"3417",NA,NA,NA,417,"RS",TRUE,4
"3418",NA,NA,NA,418,"RS",TRUE,4
"3419",NA,NA,NA,419,"RS",TRUE,4
"3420",0.0983383655548096,0.730296932321127,-0.611506689739639,420,"RS",TRUE,4
"3421",NA,NA,NA,421,"RS",TRUE,4
"3422",NA,NA,NA,422,"RS",TRUE,4
"3423",NA,NA,NA,423,"RS",TRUE,4
"3424",0.0992357730865479,1.08410022612395,-0.482877413697933,424,"RS",TRUE,4
"3425",NA,NA,NA,425,"RS",TRUE,4
"3426",NA,NA,NA,426,"RS",TRUE,4
"3427",NA,NA,NA,427,"RS",TRUE,4
"3428",NA,NA,NA,428,"RS",TRUE,4
"3429",NA,NA,NA,429,"RS",TRUE,4
"3430",0.100547790527344,0.674148870741821,0.0966032062437159,430,"RS",TRUE,4
"3431",NA,NA,NA,431,"RS",TRUE,4
"3432",0.101025581359863,1.88189423327683,-1.00699343944644,432,"RS",TRUE,4
"3433",NA,NA,NA,433,"RS",TRUE,4
"3434",NA,NA,NA,434,"RS",TRUE,4
"3435",NA,NA,NA,435,"RS",TRUE,4
"3436",0.101931810379028,0.919849134323626,-1.46685866578669,436,"RS",TRUE,4
"3437",0.102203130722046,0.680900816059721,-0.439924205232654,437,"RS",TRUE,4
"3438",NA,NA,NA,438,"RS",TRUE,4
"3439",NA,NA,NA,439,"RS",TRUE,4
"3440",NA,NA,NA,440,"RS",TRUE,4
"3441",0.103102445602417,0.619223852582129,-0.22451635362885,441,"RS",TRUE,4
"3442",NA,NA,NA,442,"RS",TRUE,4
"3443",NA,NA,NA,443,"RS",TRUE,4
"3444",NA,NA,NA,444,"RS",TRUE,4
"3445",NA,NA,NA,445,"RS",TRUE,4
"3446",NA,NA,NA,446,"RS",TRUE,4
"3447",NA,NA,NA,447,"RS",TRUE,4
"3448",NA,NA,NA,448,"RS",TRUE,4
"3449",NA,NA,NA,449,"RS",TRUE,4
"3450",NA,NA,NA,450,"RS",TRUE,4
"3451",NA,NA,NA,451,"RS",TRUE,4
"3452",0.105459213256836,0.797260797526566,0.0244535778897576,452,"RS",TRUE,4
"3453",NA,NA,NA,453,"RS",TRUE,4
"3454",NA,NA,NA,454,"RS",TRUE,4
"3455",NA,NA,NA,455,"RS",TRUE,4
"3456",NA,NA,NA,456,"RS",TRUE,4
"3457",NA,NA,NA,457,"RS",TRUE,4
"3458",NA,NA,NA,458,"RS",TRUE,4
"3459",NA,NA,NA,459,"RS",TRUE,4
"3460",0.107182264328003,0.664950537082482,-0.932050658621428,460,"RS",TRUE,4
"3461",NA,NA,NA,461,"RS",TRUE,4
"3462",0.107660055160522,0.759456204163778,-0.536790529145869,462,"RS",TRUE,4
"3463",0.107929944992065,0.65802154135206,-1.28872679343334,463,"RS",TRUE,4
"3464",0.108202934265137,0.335655279837092,-0.67048112104382,464,"RS",TRUE,4
"3465",NA,NA,NA,465,"RS",TRUE,4
"3466",NA,NA,NA,466,"RS",TRUE,4
"3467",0.108885049819946,0.251195923192805,-0.510150158896135,467,"RS",TRUE,4
"3468",NA,NA,NA,468,"RS",TRUE,4
"3469",NA,NA,NA,469,"RS",TRUE,4
"3470",NA,NA,NA,470,"RS",TRUE,4
"3471",NA,NA,NA,471,"RS",TRUE,4
"3472",NA,NA,NA,472,"RS",TRUE,4
"3473",NA,NA,NA,473,"RS",TRUE,4
"3474",NA,NA,NA,474,"RS",TRUE,4
"3475",NA,NA,NA,475,"RS",TRUE,4
"3476",NA,NA,NA,476,"RS",TRUE,4
"3477",NA,NA,NA,477,"RS",TRUE,4
"3478",0.111240386962891,0.86667153419399,-0.919399541209229,478,"RS",TRUE,4
"3479",0.111508846282959,0.514382055948237,-0.71931546465651,479,"RS",TRUE,4
"3480",0.111772060394287,0.809456782580505,-1.41117919069074,480,"RS",TRUE,4
"3481",NA,NA,NA,481,"RS",TRUE,4
"3482",NA,NA,NA,482,"RS",TRUE,4
"3483",NA,NA,NA,483,"RS",TRUE,4
"3484",0.112662315368652,1.13077521068679,-0.800700230934816,484,"RS",TRUE,4
"3485",0.112927436828613,0.925804627146477,-0.315093427452227,485,"RS",TRUE,4
"3486",0.113193273544312,1.32825481327715,-1.26306118564583,486,"RS",TRUE,4
"3487",NA,NA,NA,487,"RS",TRUE,4
"3488",NA,NA,NA,488,"RS",TRUE,4
"3489",0.113878488540649,1.10835269364062,-1.85092646250224,489,"RS",TRUE,4
"3490",0.114151477813721,0.462823229434048,-1.10488458385631,490,"RS",TRUE,4
"3491",NA,NA,NA,491,"RS",TRUE,4
"3492",NA,NA,NA,492,"RS",TRUE,4
"3493",NA,NA,NA,493,"RS",TRUE,4
"3494",NA,NA,NA,494,"RS",TRUE,4
"3495",NA,NA,NA,495,"RS",TRUE,4
"3496",NA,NA,NA,496,"RS",TRUE,4
"3497",0.115671396255493,0.588631979855814,-0.534991148190815,497,"RS",TRUE,4
"3498",NA,NA,NA,498,"RS",TRUE,4
"3499",0.116161108016968,0.555991084994883,-1.08152845610011,499,"RS",TRUE,4
"3500",0.116430044174194,1.65304101822471,-0.151757181821292,500,"RS",TRUE,4
"3501",NA,NA,NA,501,"RS",TRUE,4
"3502",NA,NA,NA,502,"RS",TRUE,4
"3503",NA,NA,NA,503,"RS",TRUE,4
"3504",NA,NA,NA,504,"RS",TRUE,4
"3505",NA,NA,NA,505,"RS",TRUE,4
"3506",NA,NA,NA,506,"RS",TRUE,4
"3507",0.11795449256897,0.814092804250304,-0.433123801788234,507,"RS",TRUE,4
"3508",NA,NA,NA,508,"RS",TRUE,4
"3509",NA,NA,NA,509,"RS",TRUE,4
"3510",0.118645906448364,0.801082684181544,0.205430420598242,510,"RS",TRUE,4
"3511",0.118911266326904,1.29431815913472,-0.697133814046197,511,"RS",TRUE,4
"3512",NA,NA,NA,512,"RS",TRUE,4
"3513",NA,NA,NA,513,"RS",TRUE,4
"3514",0.119594812393188,1.17347601879095,-1.41556217381621,514,"RS",TRUE,4
"3515",0.119865655899048,0.805213682613805,-0.784843422602345,515,"RS",TRUE,4
"3516",0.120143413543701,0.461332478876433,-0.160999407738763,516,"RS",TRUE,4
"3517",NA,NA,NA,517,"RS",TRUE,4
"3518",NA,NA,NA,518,"RS",TRUE,4
"3519",NA,NA,NA,519,"RS",TRUE,4
"3520",NA,NA,NA,520,"RS",TRUE,4
"3521",NA,NA,NA,521,"RS",TRUE,4
"3522",0.121457099914551,0.945064281291937,0.141801955309716,522,"RS",TRUE,4
"3523",NA,NA,NA,523,"RS",TRUE,4
"3524",NA,NA,NA,524,"RS",TRUE,4
"3525",NA,NA,NA,525,"RS",TRUE,4
"3526",NA,NA,NA,526,"RS",TRUE,4
"3527",NA,NA,NA,527,"RS",TRUE,4
"3528",NA,NA,NA,528,"RS",TRUE,4
"3529",0.122974157333374,1.09579765655565,-0.0839944320779092,529,"RS",TRUE,4
"3530",NA,NA,NA,530,"RS",TRUE,4
"3531",NA,NA,NA,531,"RS",TRUE,4
"3532",NA,NA,NA,532,"RS",TRUE,4
"3533",NA,NA,NA,533,"RS",TRUE,4
"3534",0.124083995819092,1.08344946121442,-1.74642145163029,534,"RS",TRUE,4
"3535",0.124359130859375,1.19003076914936,-0.795318512582449,535,"RS",TRUE,4
"3536",NA,NA,NA,536,"RS",TRUE,4
"3537",NA,NA,NA,537,"RS",TRUE,4
"3538",NA,NA,NA,538,"RS",TRUE,4
"3539",NA,NA,NA,539,"RS",TRUE,4
"3540",NA,NA,NA,540,"RS",TRUE,4
"3541",NA,NA,NA,541,"RS",TRUE,4
"3542",0.125884056091309,0.385273559603291,-0.671394278245506,542,"RS",TRUE,4
"3543",NA,NA,NA,543,"RS",TRUE,4
"3544",NA,NA,NA,544,"RS",TRUE,4
"3545",NA,NA,NA,545,"RS",TRUE,4
"3546",NA,NA,NA,546,"RS",TRUE,4
"3547",NA,NA,NA,547,"RS",TRUE,4
"3548",NA,NA,NA,548,"RS",TRUE,4
"3549",NA,NA,NA,549,"RS",TRUE,4
"3550",NA,NA,NA,550,"RS",TRUE,4
"3551",NA,NA,NA,551,"RS",TRUE,4
"3552",0.128026723861694,0.848387993838651,0.14494517800542,552,"RS",TRUE,4
"3553",NA,NA,NA,553,"RS",TRUE,4
"3554",NA,NA,NA,554,"RS",TRUE,4
"3555",NA,NA,NA,555,"RS",TRUE,4
"3556",NA,NA,NA,556,"RS",TRUE,4
"3557",NA,NA,NA,557,"RS",TRUE,4
"3558",NA,NA,NA,558,"RS",TRUE,4
"3559",NA,NA,NA,559,"RS",TRUE,4
"3560",0.133250713348389,0.946901202222797,-0.599910564802566,560,"RS",TRUE,4
"3561",NA,NA,NA,561,"RS",TRUE,4
"3562",NA,NA,NA,562,"RS",TRUE,4
"3563",NA,NA,NA,563,"RS",TRUE,4
"3564",NA,NA,NA,564,"RS",TRUE,4
"3565",NA,NA,NA,565,"RS",TRUE,4
"3566",NA,NA,NA,566,"RS",TRUE,4
"3567",0.134804010391235,0.825175487260173,-0.221595212331678,567,"RS",TRUE,4
"3568",0.135095834732056,1.03288722396825,0.297838148101862,568,"RS",TRUE,4
"3569",NA,NA,NA,569,"RS",TRUE,4
"3570",NA,NA,NA,570,"RS",TRUE,4
"3571",NA,NA,NA,571,"RS",TRUE,4
"3572",NA,NA,NA,572,"RS",TRUE,4
"3573",NA,NA,NA,573,"RS",TRUE,4
"3574",NA,NA,NA,574,"RS",TRUE,4
"3575",0.136587619781494,1.28263257427006,0.365146147527889,575,"RS",TRUE,4
"3576",NA,NA,NA,576,"RS",TRUE,4
"3577",NA,NA,NA,577,"RS",TRUE,4
"3578",0.137265920639038,1.04320433054146,0.376723514695894,578,"RS",TRUE,4
"3579",NA,NA,NA,579,"RS",TRUE,4
"3580",NA,NA,NA,580,"RS",TRUE,4
"3581",NA,NA,NA,581,"RS",TRUE,4
"3582",NA,NA,NA,582,"RS",TRUE,4
"3583",NA,NA,NA,583,"RS",TRUE,4
"3584",NA,NA,NA,584,"RS",TRUE,4
"3585",NA,NA,NA,585,"RS",TRUE,4
"3586",NA,NA,NA,586,"RS",TRUE,4
"3587",NA,NA,NA,587,"RS",TRUE,4
"3588",0.139357566833496,0.868735140037386,-0.102123093673518,588,"RS",TRUE,4
"3589",NA,NA,NA,589,"RS",TRUE,4
"3590",NA,NA,NA,590,"RS",TRUE,4
"3591",0.140032052993774,0.351549733529995,-0.879483300602342,591,"RS",TRUE,4
"3592",NA,NA,NA,592,"RS",TRUE,4
"3593",NA,NA,NA,593,"RS",TRUE,4
"3594",0.140709638595581,1.73572892153344,-0.551201334361509,594,"RS",TRUE,4
"3595",NA,NA,NA,595,"RS",TRUE,4
"3596",0.141175031661987,1.18241109841453,-0.592460499273459,596,"RS",TRUE,4
"3597",NA,NA,NA,597,"RS",TRUE,4
"3598",NA,NA,NA,598,"RS",TRUE,4
"3599",0.141841411590576,0.744084354318092,-0.196179257083474,599,"RS",TRUE,4
"3600",0.142102003097534,1.03791186467329,0.0586755988568676,600,"RS",TRUE,4
"3601",NA,NA,NA,601,"RS",TRUE,4
"3602",NA,NA,NA,602,"RS",TRUE,4
"3603",NA,NA,NA,603,"RS",TRUE,4
"3604",NA,NA,NA,604,"RS",TRUE,4
"3605",NA,NA,NA,605,"RS",TRUE,4
"3606",NA,NA,NA,606,"RS",TRUE,4
"3607",0.143588542938232,1.38312267199503,-1.40361510054421,607,"RS",TRUE,4
"3608",0.143863677978516,1.33806264782981,-0.698127488270009,608,"RS",TRUE,4
"3609",NA,NA,NA,609,"RS",TRUE,4
"3610",NA,NA,NA,610,"RS",TRUE,4
"3611",NA,NA,NA,611,"RS",TRUE,4
"3612",NA,NA,NA,612,"RS",TRUE,4
"3613",NA,NA,NA,613,"RS",TRUE,4
"3614",0.145171642303467,0.72552882283468,-0.361737030043799,614,"RS",TRUE,4
"3615",NA,NA,NA,615,"RS",TRUE,4
"3616",0.145642280578613,1.14951290826776,-0.758569884988349,616,"RS",TRUE,4
"3617",0.145910501480103,2.315399588525,-0.664624314178108,617,"RS",TRUE,4
"3618",NA,NA,NA,618,"RS",TRUE,4
"3619",0.146383762359619,0.412984625272929,-0.865710666703389,619,"RS",TRUE,4
"3620",NA,NA,NA,620,"RS",TRUE,4
"3621",NA,NA,NA,621,"RS",TRUE,4
"3622",0.147066831588745,0.529127993015111,-1.26387975808532,622,"RS",TRUE,4
"3623",NA,NA,NA,623,"RS",TRUE,4
"3624",0.147533893585205,0.797953073747238,-0.0503865854359679,624,"RS",TRUE,4
"3625",0.147800207138062,0.273137976031673,-0.60641285263287,625,"RS",TRUE,4
"3626",NA,NA,NA,626,"RS",TRUE,4
"3627",NA,NA,NA,627,"RS",TRUE,4
"3628",NA,NA,NA,628,"RS",TRUE,4
"3629",0.148686647415161,0.581069086388355,-1.30327623826427,629,"RS",TRUE,4
"3630",0.14894962310791,0.497657602989479,-0.331121295110686,630,"RS",TRUE,4
"3631",NA,NA,NA,631,"RS",TRUE,4
"3632",NA,NA,NA,632,"RS",TRUE,4
"3633",NA,NA,NA,633,"RS",TRUE,4
"3634",0.149841070175171,1.14206504362453,-0.681125662443185,634,"RS",TRUE,4
"3635",NA,NA,NA,635,"RS",TRUE,4
"3636",NA,NA,NA,636,"RS",TRUE,4
"3637",0.15052342414856,2.53749899283484,-1.48218967029733,637,"RS",TRUE,4
"3638",NA,NA,NA,638,"RS",TRUE,4
"3639",0.150999069213867,0.686148371940464,-0.798251298232925,639,"RS",TRUE,4
"3640",NA,NA,NA,640,"RS",TRUE,4
"3641",NA,NA,NA,641,"RS",TRUE,4
"3642",NA,NA,NA,642,"RS",TRUE,4
"3643",NA,NA,NA,643,"RS",TRUE,4
"3644",NA,NA,NA,644,"RS",TRUE,4
"3645",NA,NA,NA,645,"RS",TRUE,4
"3646",NA,NA,NA,646,"RS",TRUE,4
"3647",NA,NA,NA,647,"RS",TRUE,4
"3648",NA,NA,NA,648,"RS",TRUE,4
"3649",NA,NA,NA,649,"RS",TRUE,4
"3650",0.153368234634399,1.13246145754867,0.0306156750866068,650,"RS",TRUE,4
"3651",NA,NA,NA,651,"RS",TRUE,4
"3652",NA,NA,NA,652,"RS",TRUE,4
"3653",NA,NA,NA,653,"RS",TRUE,4
"3654",NA,NA,NA,654,"RS",TRUE,4
"3655",NA,NA,NA,655,"RS",TRUE,4
"3656",NA,NA,NA,656,"RS",TRUE,4
"3657",0.154900074005127,1.34611771443335,-1.27671155562859,657,"RS",TRUE,4
"3658",NA,NA,NA,658,"RS",TRUE,4
"3659",NA,NA,NA,659,"RS",TRUE,4
"3660",0.155588150024414,1.77120895339673,-0.424983341931777,660,"RS",TRUE,4
"3661",NA,NA,NA,661,"RS",TRUE,4
"3662",NA,NA,NA,662,"RS",TRUE,4
"3663",NA,NA,NA,663,"RS",TRUE,4
"3664",NA,NA,NA,664,"RS",TRUE,4
"3665",0.15669322013855,0.608348825260705,-0.0907871653532342,665,"RS",TRUE,4
"3666",0.156962633132935,0.486239992241981,-0.683412732318253,666,"RS",TRUE,4
"3667",NA,NA,NA,667,"RS",TRUE,4
"3668",NA,NA,NA,668,"RS",TRUE,4
"3669",NA,NA,NA,669,"RS",TRUE,4
"3670",0.157857894897461,1.20817248036636,0.342793093317371,670,"RS",TRUE,4
"3671",NA,NA,NA,671,"RS",TRUE,4
"3672",NA,NA,NA,672,"RS",TRUE,4
"3673",NA,NA,NA,673,"RS",TRUE,4
"3674",NA,NA,NA,674,"RS",TRUE,4
"3675",NA,NA,NA,675,"RS",TRUE,4
"3676",0.1591637134552,1.04034112789147,0.0231292354299173,676,"RS",TRUE,4
"3677",NA,NA,NA,677,"RS",TRUE,4
"3678",NA,NA,NA,678,"RS",TRUE,4
"3679",NA,NA,NA,679,"RS",TRUE,4
"3680",NA,NA,NA,680,"RS",TRUE,4
"3681",NA,NA,NA,681,"RS",TRUE,4
"3682",NA,NA,NA,682,"RS",TRUE,4
"3683",0.160664319992065,0.85986496293779,0.0962055710368984,683,"RS",TRUE,4
"3684",NA,NA,NA,684,"RS",TRUE,4
"3685",NA,NA,NA,685,"RS",TRUE,4
"3686",NA,NA,NA,686,"RS",TRUE,4
"3687",NA,NA,NA,687,"RS",TRUE,4
"3688",NA,NA,NA,688,"RS",TRUE,4
"3689",NA,NA,NA,689,"RS",TRUE,4
"3690",NA,NA,NA,690,"RS",TRUE,4
"3691",NA,NA,NA,691,"RS",TRUE,4
"3692",0.162576198577881,1.65423320365289,-1.33597379757514,692,"RS",TRUE,4
"3693",NA,NA,NA,693,"RS",TRUE,4
"3694",NA,NA,NA,694,"RS",TRUE,4
"3695",0.16327953338623,0.728631661238914,0.0857058575820909,695,"RS",TRUE,4
"3696",NA,NA,NA,696,"RS",TRUE,4
"3697",NA,NA,NA,697,"RS",TRUE,4
"3698",NA,NA,NA,698,"RS",TRUE,4
"3699",NA,NA,NA,699,"RS",TRUE,4
"3700",NA,NA,NA,700,"RS",TRUE,4
"3701",NA,NA,NA,701,"RS",TRUE,4
"3702",0.16484522819519,1.05520259848427,-1.61214916615383,702,"RS",TRUE,4
"3703",NA,NA,NA,703,"RS",TRUE,4
"3704",NA,NA,NA,704,"RS",TRUE,4
"3705",0.165545463562012,1.16969907493577,-1.11222619208505,705,"RS",TRUE,4
"3706",NA,NA,NA,706,"RS",TRUE,4
"3707",NA,NA,NA,707,"RS",TRUE,4
"3708",NA,NA,NA,708,"RS",TRUE,4
"3709",NA,NA,NA,709,"RS",TRUE,4
"3710",NA,NA,NA,710,"RS",TRUE,4
"3711",NA,NA,NA,711,"RS",TRUE,4
"3712",NA,NA,NA,712,"RS",TRUE,4
"3713",0.167293310165405,1.01887052310872,-1.27920507603849,713,"RS",TRUE,4
"3714",NA,NA,NA,714,"RS",TRUE,4
"3715",NA,NA,NA,715,"RS",TRUE,4
"3716",NA,NA,NA,716,"RS",TRUE,4
"3717",NA,NA,NA,717,"RS",TRUE,4
"3718",NA,NA,NA,718,"RS",TRUE,4
"3719",NA,NA,NA,719,"RS",TRUE,4
"3720",NA,NA,NA,720,"RS",TRUE,4
"3721",NA,NA,NA,721,"RS",TRUE,4
"3722",0.16925835609436,0.582863055557728,-0.115772649204414,722,"RS",TRUE,4
"3723",0.169528007507324,1.66183044235651,-0.970368615836402,723,"RS",TRUE,4
"3724",NA,NA,NA,724,"RS",TRUE,4
"3725",0.170007944107056,1.73777048941484,-0.333094768616927,725,"RS",TRUE,4
"3726",0.170274496078491,1.66518058389812,-0.0709783971898369,726,"RS",TRUE,4
"3727",NA,NA,NA,727,"RS",TRUE,4
"3728",NA,NA,NA,728,"RS",TRUE,4
"3729",NA,NA,NA,729,"RS",TRUE,4
"3730",NA,NA,NA,730,"RS",TRUE,4
"3731",NA,NA,NA,731,"RS",TRUE,4
"3732",NA,NA,NA,732,"RS",TRUE,4
"3733",NA,NA,NA,733,"RS",TRUE,4
"3734",NA,NA,NA,734,"RS",TRUE,4
"3735",NA,NA,NA,735,"RS",TRUE,4
"3736",0.172404050827026,1.58444241511201,0.156615809959197,736,"RS",TRUE,4
"3737",NA,NA,NA,737,"RS",TRUE,4
"3738",0.172880887985229,0.712710719128103,-0.675778147758041,738,"RS",TRUE,4
"3739",NA,NA,NA,739,"RS",TRUE,4
"3740",NA,NA,NA,740,"RS",TRUE,4
"3741",0.173561811447144,2.14411399004955,-0.835186981551267,741,"RS",TRUE,4
"3742",NA,NA,NA,742,"RS",TRUE,4
"3743",0.174035310745239,1.04881455647801,0.133197054957656,743,"RS",TRUE,4
"3744",NA,NA,NA,744,"RS",TRUE,4
"3745",0.174516201019287,1.51811848333398,-1.1658968864813,745,"RS",TRUE,4
"3746",0.174783706665039,0.473656768594511,-0.0367010555179395,746,"RS",TRUE,4
"3747",NA,NA,NA,747,"RS",TRUE,4
"3748",0.175250291824341,0.504448405774385,-0.729947300107646,748,"RS",TRUE,4
"3749",NA,NA,NA,749,"RS",TRUE,4
"3750",NA,NA,NA,750,"RS",TRUE,4
"3751",NA,NA,NA,751,"RS",TRUE,4
"3752",NA,NA,NA,752,"RS",TRUE,4
"3753",NA,NA,NA,753,"RS",TRUE,4
"3754",NA,NA,NA,754,"RS",TRUE,4
"3755",NA,NA,NA,755,"RS",TRUE,4
"3756",NA,NA,NA,756,"RS",TRUE,4
"3757",NA,NA,NA,757,"RS",TRUE,4
"3758",NA,NA,NA,758,"RS",TRUE,4
"3759",0.177587032318115,0.8239732215676,-0.332676039057976,759,"RS",TRUE,4
"3760",NA,NA,NA,760,"RS",TRUE,4
"3761",NA,NA,NA,761,"RS",TRUE,4
"3762",NA,NA,NA,762,"RS",TRUE,4
"3763",NA,NA,NA,763,"RS",TRUE,4
"3764",NA,NA,NA,764,"RS",TRUE,4
"3765",NA,NA,NA,765,"RS",TRUE,4
"3766",NA,NA,NA,766,"RS",TRUE,4
"3767",NA,NA,NA,767,"RS",TRUE,4
"3768",NA,NA,NA,768,"RS",TRUE,4
"3769",NA,NA,NA,769,"RS",TRUE,4
"3770",0.179908275604248,1.96083695745301,-2.20151278623178,770,"RS",TRUE,4
"3771",NA,NA,NA,771,"RS",TRUE,4
"3772",0.180390596389771,0.765896264400247,-0.443007002493159,772,"RS",TRUE,4
"3773",NA,NA,NA,773,"RS",TRUE,4
"3774",NA,NA,NA,774,"RS",TRUE,4
"3775",NA,NA,NA,775,"RS",TRUE,4
"3776",NA,NA,NA,776,"RS",TRUE,4
"3777",NA,NA,NA,777,"RS",TRUE,4
"3778",0.181726455688477,1.94638528743213,-0.949315095831506,778,"RS",TRUE,4
"3779",0.181995391845703,1.1327459251394,-0.422360707715105,779,"RS",TRUE,4
"3780",0.182262420654297,0.711699475858317,-0.0511436579836255,780,"RS",TRUE,4
"3781",0.182525157928467,0.869801965978139,-0.689784077765575,781,"RS",TRUE,4
"3782",NA,NA,NA,782,"RS",TRUE,4
"3783",NA,NA,NA,783,"RS",TRUE,4
"3784",NA,NA,NA,784,"RS",TRUE,4
"3785",NA,NA,NA,785,"RS",TRUE,4
"3786",NA,NA,NA,786,"RS",TRUE,4
"3787",NA,NA,NA,787,"RS",TRUE,4
"3788",0.184032917022705,0.709767776887361,-1.40018425532359,788,"RS",TRUE,4
"3789",0.184307098388672,0.947857489627553,-0.114356596356343,789,"RS",TRUE,4
"3790",NA,NA,NA,790,"RS",TRUE,4
"3791",NA,NA,NA,791,"RS",TRUE,4
"3792",NA,NA,NA,792,"RS",TRUE,4
"3793",NA,NA,NA,793,"RS",TRUE,4
"3794",NA,NA,NA,794,"RS",TRUE,4
"3795",NA,NA,NA,795,"RS",TRUE,4
"3796",0.185850143432617,1.29950285469061,0.0784796596059162,796,"RS",TRUE,4
"3797",NA,NA,NA,797,"RS",TRUE,4
"3798",NA,NA,NA,798,"RS",TRUE,4
"3799",NA,NA,NA,799,"RS",TRUE,4
"3800",NA,NA,NA,800,"RS",TRUE,4
"3801",NA,NA,NA,801,"RS",TRUE,4
"3802",NA,NA,NA,802,"RS",TRUE,4
"3803",NA,NA,NA,803,"RS",TRUE,4
"3804",NA,NA,NA,804,"RS",TRUE,4
"3805",NA,NA,NA,805,"RS",TRUE,4
"3806",NA,NA,NA,806,"RS",TRUE,4
"3807",0.188219308853149,0.754336323361065,-0.199904619881978,807,"RS",TRUE,4
"3808",NA,NA,NA,808,"RS",TRUE,4
"3809",NA,NA,NA,809,"RS",TRUE,4
"3810",NA,NA,NA,810,"RS",TRUE,4
"3811",NA,NA,NA,811,"RS",TRUE,4
"3812",NA,NA,NA,812,"RS",TRUE,4
"3813",NA,NA,NA,813,"RS",TRUE,4
"3814",NA,NA,NA,814,"RS",TRUE,4
"3815",0.189937114715576,0.758745918401387,-0.703876132621843,815,"RS",TRUE,4
"3816",NA,NA,NA,816,"RS",TRUE,4
"3817",NA,NA,NA,817,"RS",TRUE,4
"3818",0.190630912780762,1.58498128464391,-0.772028031164799,818,"RS",TRUE,4
"3819",0.190902948379517,0.932851931430009,-0.404153060429308,819,"RS",TRUE,4
"3820",0.191170692443848,0.973132171573416,-0.69854577611215,820,"RS",TRUE,4
"3821",NA,NA,NA,821,"RS",TRUE,4
"3822",0.191644191741943,0.413762919855214,-0.44466621165243,822,"RS",TRUE,4
"3823",NA,NA,NA,823,"RS",TRUE,4
"3824",0.19212818145752,0.880691545798702,0.260414476165074,824,"RS",TRUE,4
"3825",NA,NA,NA,825,"RS",TRUE,4
"3826",0.192601442337036,0.414368103257471,-0.708667860034839,826,"RS",TRUE,4
"3827",0.192869901657104,0.901519330817503,-0.841709988334668,827,"RS",TRUE,4
"3828",NA,NA,NA,828,"RS",TRUE,4
"3829",0.193346738815308,1.14286727845964,-0.594482754195609,829,"RS",TRUE,4
"3830",NA,NA,NA,830,"RS",TRUE,4
"3831",0.193822622299194,1.50644009439146,-0.303772438968475,831,"RS",TRUE,4
"3832",0.194091081619263,1.52499940672399,-1.06594002163563,832,"RS",TRUE,4
"3833",NA,NA,NA,833,"RS",TRUE,4
"3834",NA,NA,NA,834,"RS",TRUE,4
"3835",NA,NA,NA,835,"RS",TRUE,4
"3836",NA,NA,NA,836,"RS",TRUE,4
"3837",NA,NA,NA,837,"RS",TRUE,4
"3838",0.195400238037109,0.987046066243841,0.0327357366536584,838,"RS",TRUE,4
"3839",0.195668458938599,0.894741219280937,-0.582933786519083,839,"RS",TRUE,4
"3840",NA,NA,NA,840,"RS",TRUE,4
"3841",0.196150302886963,1.01258603785793,-0.15961149966203,841,"RS",TRUE,4
"3842",NA,NA,NA,842,"RS",TRUE,4
"3843",NA,NA,NA,843,"RS",TRUE,4
"3844",NA,NA,NA,844,"RS",TRUE,4
"3845",NA,NA,NA,845,"RS",TRUE,4
"3846",0.197259664535522,0.959141232292066,-1.25269119371732,846,"RS",TRUE,4
"3847",NA,NA,NA,847,"RS",TRUE,4
"3848",NA,NA,NA,848,"RS",TRUE,4
"3849",NA,NA,NA,849,"RS",TRUE,4
"3850",NA,NA,NA,850,"RS",TRUE,4
"3851",NA,NA,NA,851,"RS",TRUE,4
"3852",NA,NA,NA,852,"RS",TRUE,4
"3853",NA,NA,NA,853,"RS",TRUE,4
"3854",NA,NA,NA,854,"RS",TRUE,4
"3855",0.199205636978149,2.39755313727386,-0.656281904473733,855,"RS",TRUE,4
"3856",NA,NA,NA,856,"RS",TRUE,4
"3857",NA,NA,NA,857,"RS",TRUE,4
"3858",NA,NA,NA,858,"RS",TRUE,4
"3859",NA,NA,NA,859,"RS",TRUE,4
"3860",NA,NA,NA,860,"RS",TRUE,4
"3861",NA,NA,NA,861,"RS",TRUE,4
"3862",NA,NA,NA,862,"RS",TRUE,4
"3863",NA,NA,NA,863,"RS",TRUE,4
"3864",NA,NA,NA,864,"RS",TRUE,4
"3865",NA,NA,NA,865,"RS",TRUE,4
"3866",NA,NA,NA,866,"RS",TRUE,4
"3867",NA,NA,NA,867,"RS",TRUE,4
"3868",NA,NA,NA,868,"RS",TRUE,4
"3869",NA,NA,NA,869,"RS",TRUE,4
"3870",NA,NA,NA,870,"RS",TRUE,4
"3871",0.202623605728149,1.47624243914858,-0.250171870792864,871,"RS",TRUE,4
"3872",NA,NA,NA,872,"RS",TRUE,4
"3873",NA,NA,NA,873,"RS",TRUE,4
"3874",NA,NA,NA,874,"RS",TRUE,4
"3875",NA,NA,NA,875,"RS",TRUE,4
"3876",NA,NA,NA,876,"RS",TRUE,4
"3877",0.203934192657471,0.85014727535026,-0.593721025242853,877,"RS",TRUE,4
"3878",NA,NA,NA,878,"RS",TRUE,4
"3879",NA,NA,NA,879,"RS",TRUE,4
"3880",0.20465087890625,1.37891527934866,0.0264308986885709,880,"RS",TRUE,4
"3881",NA,NA,NA,881,"RS",TRUE,4
"3882",NA,NA,NA,882,"RS",TRUE,4
"3883",NA,NA,NA,883,"RS",TRUE,4
"3884",NA,NA,NA,884,"RS",TRUE,4
"3885",0.205748081207275,1.08276494965447,-0.209588595483163,885,"RS",TRUE,4
"3886",NA,NA,NA,886,"RS",TRUE,4
"3887",0.206236362457275,0.936414148099023,0.248268509787825,887,"RS",TRUE,4
"3888",NA,NA,NA,888,"RS",TRUE,4
"3889",0.206713438034058,2.48460816557058,-0.909903209396526,889,"RS",TRUE,4
"3890",NA,NA,NA,890,"RS",TRUE,4
"3891",NA,NA,NA,891,"RS",TRUE,4
"3892",NA,NA,NA,892,"RS",TRUE,4
"3893",NA,NA,NA,893,"RS",TRUE,4
"3894",NA,NA,NA,894,"RS",TRUE,4
"3895",NA,NA,NA,895,"RS",TRUE,4
"3896",0.20825457572937,0.999344745089007,-0.817060992532504,896,"RS",TRUE,4
"3897",NA,NA,NA,897,"RS",TRUE,4
"3898",NA,NA,NA,898,"RS",TRUE,4
"3899",NA,NA,NA,899,"RS",TRUE,4
"3900",NA,NA,NA,900,"RS",TRUE,4
"3901",0.209365844726562,1.61767974144456,-1.8434173320833,901,"RS",TRUE,4
"3902",0.209632396697998,1.20695046647194,-0.168333744845752,902,"RS",TRUE,4
"3903",0.209899425506592,0.847770650148236,0.154886316880138,903,"RS",TRUE,4
"3904",NA,NA,NA,904,"RS",TRUE,4
"3905",NA,NA,NA,905,"RS",TRUE,4
"3906",0.210581064224243,0.486043980783181,-0.525341607652421,906,"RS",TRUE,4
"3907",NA,NA,NA,907,"RS",TRUE,4
"3908",NA,NA,NA,908,"RS",TRUE,4
"3909",NA,NA,NA,909,"RS",TRUE,4
"3910",0.211471796035767,0.525636560837187,-0.329952079680143,910,"RS",TRUE,4
"3911",NA,NA,NA,911,"RS",TRUE,4
"3912",0.211950540542603,0.795752219487055,0.0806199183062003,912,"RS",TRUE,4
"3913",0.212224721908569,1.45678496971717,-1.01346971414477,913,"RS",TRUE,4
"3914",NA,NA,NA,914,"RS",TRUE,4
"3915",0.212695837020874,1.38964184898003,-1.98709816396833,915,"RS",TRUE,4
"3916",NA,NA,NA,916,"RS",TRUE,4
"3917",NA,NA,NA,917,"RS",TRUE,4
"3918",NA,NA,NA,918,"RS",TRUE,4
"3919",NA,NA,NA,919,"RS",TRUE,4
"3920",NA,NA,NA,920,"RS",TRUE,4
"3921",NA,NA,NA,921,"RS",TRUE,4
"3922",NA,NA,NA,922,"RS",TRUE,4
"3923",NA,NA,NA,923,"RS",TRUE,4
"3924",0.214617967605591,0.746292997582859,0.0550087017475993,924,"RS",TRUE,4
"3925",NA,NA,NA,925,"RS",TRUE,4
"3926",0.215100765228271,0.852930572621916,-0.233407206915183,926,"RS",TRUE,4
"3927",0.215365648269653,0.776943728028255,-0.539540117574166,927,"RS",TRUE,4
"3928",0.215630292892456,0.952805457809399,-0.955636276768721,928,"RS",TRUE,4
"3929",0.215895891189575,0.272558374104674,-0.347173946830914,929,"RS",TRUE,4
"3930",0.216168403625488,1.00535442599077,-0.715859185504845,930,"RS",TRUE,4
"3931",NA,NA,NA,931,"RS",TRUE,4
"3932",NA,NA,NA,932,"RS",TRUE,4
"3933",NA,NA,NA,933,"RS",TRUE,4
"3934",NA,NA,NA,934,"RS",TRUE,4
"3935",NA,NA,NA,935,"RS",TRUE,4
"3936",NA,NA,NA,936,"RS",TRUE,4
"3937",NA,NA,NA,937,"RS",TRUE,4
"3938",NA,NA,NA,938,"RS",TRUE,4
"3939",NA,NA,NA,939,"RS",TRUE,4
"3940",NA,NA,NA,940,"RS",TRUE,4
"3941",NA,NA,NA,941,"RS",TRUE,4
"3942",NA,NA,NA,942,"RS",TRUE,4
"3943",NA,NA,NA,943,"RS",TRUE,4
"3944",NA,NA,NA,944,"RS",TRUE,4
"3945",NA,NA,NA,945,"RS",TRUE,4
"3946",0.219563484191895,0.697687790156692,0.027364019499824,946,"RS",TRUE,4
"3947",NA,NA,NA,947,"RS",TRUE,4
"3948",NA,NA,NA,948,"RS",TRUE,4
"3949",0.220275640487671,1.04108918456001,-1.27985105488982,949,"RS",TRUE,4
"3950",0.220545053482056,0.510143226799343,-0.691514675322087,950,"RS",TRUE,4
"3951",NA,NA,NA,951,"RS",TRUE,4
"3952",0.221050024032593,1.39752719675479,-0.252845053695127,952,"RS",TRUE,4
"3953",NA,NA,NA,953,"RS",TRUE,4
"3954",NA,NA,NA,954,"RS",TRUE,4
"3955",NA,NA,NA,955,"RS",TRUE,4
"3956",0.221945762634277,1.38034538815216,-1.23964233848932,956,"RS",TRUE,4
"3957",0.222211360931396,1.38619794150046,-0.563276465120511,957,"RS",TRUE,4
"3958",NA,NA,NA,958,"RS",TRUE,4
"3959",NA,NA,NA,959,"RS",TRUE,4
"3960",NA,NA,NA,960,"RS",TRUE,4
"3961",NA,NA,NA,961,"RS",TRUE,4
"3962",NA,NA,NA,962,"RS",TRUE,4
"3963",NA,NA,NA,963,"RS",TRUE,4
"3964",NA,NA,NA,964,"RS",TRUE,4
"3965",NA,NA,NA,965,"RS",TRUE,4
"3966",NA,NA,NA,966,"RS",TRUE,4
"3967",NA,NA,NA,967,"RS",TRUE,4
"3968",0.224567651748657,1.491614090664,-1.16650147217978,968,"RS",TRUE,4
"3969",0.224835872650146,0.989518150283918,-1.33535658307889,969,"RS",TRUE,4
"3970",0.225102186203003,1.07672889346838,-1.04270991976366,970,"RS",TRUE,4
"3971",NA,NA,NA,971,"RS",TRUE,4
"3972",NA,NA,NA,972,"RS",TRUE,4
"3973",NA,NA,NA,973,"RS",TRUE,4
"3974",NA,NA,NA,974,"RS",TRUE,4
"3975",0.226200580596924,0.705354070744066,-1.29946386085246,975,"RS",TRUE,4
"3976",0.226469755172729,1.01852308673068,-0.124799348741278,976,"RS",TRUE,4
"3977",NA,NA,NA,977,"RS",TRUE,4
"3978",0.226943731307983,1.23216708819099,-1.10351094510895,978,"RS",TRUE,4
"3979",NA,NA,NA,979,"RS",TRUE,4
"3980",NA,NA,NA,980,"RS",TRUE,4
"3981",NA,NA,NA,981,"RS",TRUE,4
"3982",NA,NA,NA,982,"RS",TRUE,4
"3983",NA,NA,NA,983,"RS",TRUE,4
"3984",NA,NA,NA,984,"RS",TRUE,4
"3985",0.228464841842651,0.929498124893647,-0.386556255223664,985,"RS",TRUE,4
"3986",NA,NA,NA,986,"RS",TRUE,4
"3987",NA,NA,NA,987,"RS",TRUE,4
"3988",NA,NA,NA,988,"RS",TRUE,4
"3989",0.229363203048706,0.860385642465687,0.273800609088978,989,"RS",TRUE,4
"3990",NA,NA,NA,990,"RS",TRUE,4
"3991",NA,NA,NA,991,"RS",TRUE,4
"3992",NA,NA,NA,992,"RS",TRUE,4
"3993",0.230252265930176,0.576248270536591,-0.902651161440175,993,"RS",TRUE,4
"3994",NA,NA,NA,994,"RS",TRUE,4
"3995",NA,NA,NA,995,"RS",TRUE,4
"3996",NA,NA,NA,996,"RS",TRUE,4
"3997",0.231138467788696,1.43768681889965,0.36004495884558,997,"RS",TRUE,4
"3998",NA,NA,NA,998,"RS",TRUE,4
"3999",NA,NA,NA,999,"RS",TRUE,4
"4000",0.231820583343506,0.656677378512591,-0.341066307651291,1000,"RS",TRUE,4
"4001",NA,NA,NA,1,"RS",TRUE,5
"4002",0.000448942184448242,0.914354552373804,-1.70247476900443,2,"RS",TRUE,5
"4003",0.000738143920898438,2.43291356561681,-0.463603162934789,3,"RS",TRUE,5
"4004",0.00101423263549805,0.709395443227396,-0.52058104486385,4,"RS",TRUE,5
"4005",NA,NA,NA,5,"RS",TRUE,5
"4006",NA,NA,NA,6,"RS",TRUE,5
"4007",NA,NA,NA,7,"RS",TRUE,5
"4008",0.00193119049072266,0.789483633524841,-1.31023799308367,8,"RS",TRUE,5
"4009",0.00220203399658203,0.468520513883691,-0.782053552895326,9,"RS",TRUE,5
"4010",0.00247406959533691,0.519211263580892,-0.892620959277849,10,"RS",TRUE,5
"4011",0.00274538993835449,0.896228764430512,-1.14355427875607,11,"RS",TRUE,5
"4012",0.00301432609558105,1.18357142561668,-1.2804201011297,12,"RS",TRUE,5
"4013",NA,NA,NA,13,"RS",TRUE,5
"4014",NA,NA,NA,14,"RS",TRUE,5
"4015",0.00371336936950684,1.14219258996635,-1.41292311409814,15,"RS",TRUE,5
"4016",NA,NA,NA,16,"RS",TRUE,5
"4017",NA,NA,NA,17,"RS",TRUE,5
"4018",NA,NA,NA,18,"RS",TRUE,5
"4019",NA,NA,NA,19,"RS",TRUE,5
"4020",NA,NA,NA,20,"RS",TRUE,5
"4021",NA,NA,NA,21,"RS",TRUE,5
"4022",NA,NA,NA,22,"RS",TRUE,5
"4023",NA,NA,NA,23,"RS",TRUE,5
"4024",0.00568246841430664,0.576553291766953,0.0687493329301475,24,"RS",TRUE,5
"4025",NA,NA,NA,25,"RS",TRUE,5
"4026",0.00617623329162598,0.317661194712688,-0.18997335609865,26,"RS",TRUE,5
"4027",0.00644803047180176,1.20019000126236,-1.31309724361197,27,"RS",TRUE,5
"4028",0.00671601295471191,0.849369188090754,-0.778209662610258,28,"RS",TRUE,5
"4029",NA,NA,NA,29,"RS",TRUE,5
"4030",NA,NA,NA,30,"RS",TRUE,5
"4031",NA,NA,NA,31,"RS",TRUE,5
"4032",NA,NA,NA,32,"RS",TRUE,5
"4033",0.00784158706665039,0.633902907627269,-0.489710456621492,33,"RS",TRUE,5
"4034",NA,NA,NA,34,"RS",TRUE,5
"4035",NA,NA,NA,35,"RS",TRUE,5
"4036",0.00853872299194336,0.920291034270958,-0.431236957180552,36,"RS",TRUE,5
"4037",NA,NA,NA,37,"RS",TRUE,5
"4038",0.00902009010314941,0.969844452329816,-0.32972378289441,38,"RS",TRUE,5
"4039",NA,NA,NA,39,"RS",TRUE,5
"4040",NA,NA,NA,40,"RS",TRUE,5
"4041",NA,NA,NA,41,"RS",TRUE,5
"4042",NA,NA,NA,42,"RS",TRUE,5
"4043",NA,NA,NA,43,"RS",TRUE,5
"4044",0.0103538036346436,0.485438583701207,-0.592451785683719,44,"RS",TRUE,5
"4045",0.0106263160705566,1.36219639201978,-1.5025960572305,45,"RS",TRUE,5
"4046",NA,NA,NA,46,"RS",TRUE,5
"4047",NA,NA,NA,47,"RS",TRUE,5
"4048",NA,NA,NA,48,"RS",TRUE,5
"4049",NA,NA,NA,49,"RS",TRUE,5
"4050",NA,NA,NA,50,"RS",TRUE,5
"4051",NA,NA,NA,51,"RS",TRUE,5
"4052",NA,NA,NA,52,"RS",TRUE,5
"4053",NA,NA,NA,53,"RS",TRUE,5
"4054",0.0125687122344971,0.512584716260179,-0.451506622836716,54,"RS",TRUE,5
"4055",0.0128371715545654,1.21471411032708,-0.595052949445604,55,"RS",TRUE,5
"4056",NA,NA,NA,56,"RS",TRUE,5
"4057",NA,NA,NA,57,"RS",TRUE,5
"4058",NA,NA,NA,58,"RS",TRUE,5
"4059",0.0137553215026855,0.429808685800839,-0.537066404511873,59,"RS",TRUE,5
"4060",NA,NA,NA,60,"RS",TRUE,5
"4061",0.0142333507537842,1.06565566253051,0.113173716132885,61,"RS",TRUE,5
"4062",NA,NA,NA,62,"RS",TRUE,5
"4063",NA,NA,NA,63,"RS",TRUE,5
"4064",0.0149216651916504,1.66455153725765,-1.81658823816244,64,"RS",TRUE,5
"4065",NA,NA,NA,65,"RS",TRUE,5
"4066",0.0154080390930176,0.476968528755229,0.0197107439319768,66,"RS",TRUE,5
"4067",0.0156776905059814,0.804564226131187,-0.0132089069926806,67,"RS",TRUE,5
"4068",0.0159456729888916,0.598660953861385,-1.01921378662922,68,"RS",TRUE,5
"4069",NA,NA,NA,69,"RS",TRUE,5
"4070",NA,NA,NA,70,"RS",TRUE,5
"4071",NA,NA,NA,71,"RS",TRUE,5
"4072",NA,NA,NA,72,"RS",TRUE,5
"4073",0.0170624256134033,2.04064242521365,-1.00261171036616,73,"RS",TRUE,5
"4074",0.017336368560791,1.10426944857561,-1.74948473066591,74,"RS",TRUE,5
"4075",NA,NA,NA,75,"RS",TRUE,5
"4076",NA,NA,NA,76,"RS",TRUE,5
"4077",NA,NA,NA,77,"RS",TRUE,5
"4078",0.0182373523712158,1.84701453428205,0.254495156738842,78,"RS",TRUE,5
"4079",0.0185065269470215,0.553023991901028,-0.372859915115799,79,"RS",TRUE,5
"4080",0.018773078918457,0.577554544086912,-1.08305673583554,80,"RS",TRUE,5
"4081",NA,NA,NA,81,"RS",TRUE,5
"4082",0.01924729347229,1.903235829689,-0.934395061218706,82,"RS",TRUE,5
"4083",NA,NA,NA,83,"RS",TRUE,5
"4084",NA,NA,NA,84,"RS",TRUE,5
"4085",NA,NA,NA,85,"RS",TRUE,5
"4086",NA,NA,NA,86,"RS",TRUE,5
"4087",NA,NA,NA,87,"RS",TRUE,5
"4088",0.0205502510070801,0.869758509839242,-0.518160286127159,88,"RS",TRUE,5
"4089",NA,NA,NA,89,"RS",TRUE,5
"4090",NA,NA,NA,90,"RS",TRUE,5
"4091",NA,NA,NA,91,"RS",TRUE,5
"4092",NA,NA,NA,92,"RS",TRUE,5
"4093",NA,NA,NA,93,"RS",TRUE,5
"4094",NA,NA,NA,94,"RS",TRUE,5
"4095",NA,NA,NA,95,"RS",TRUE,5
"4096",0.0222992897033691,0.755124809632849,-0.777003852818042,96,"RS",TRUE,5
"4097",NA,NA,NA,97,"RS",TRUE,5
"4098",NA,NA,NA,98,"RS",TRUE,5
"4099",0.0229923725128174,0.775215212204464,0.0530132237035774,99,"RS",TRUE,5
"4100",NA,NA,NA,100,"RS",TRUE,5
"4101",NA,NA,NA,101,"RS",TRUE,5
"4102",NA,NA,NA,102,"RS",TRUE,5
"4103",NA,NA,NA,103,"RS",TRUE,5
"4104",NA,NA,NA,104,"RS",TRUE,5
"4105",NA,NA,NA,105,"RS",TRUE,5
"4106",NA,NA,NA,106,"RS",TRUE,5
"4107",NA,NA,NA,107,"RS",TRUE,5
"4108",0.024925708770752,0.875973588819065,0.188891773214201,108,"RS",TRUE,5
"4109",NA,NA,NA,109,"RS",TRUE,5
"4110",NA,NA,NA,110,"RS",TRUE,5
"4111",NA,NA,NA,111,"RS",TRUE,5
"4112",NA,NA,NA,112,"RS",TRUE,5
"4113",NA,NA,NA,113,"RS",TRUE,5
"4114",0.0262470245361328,1.08667044314766,-0.753477855203865,114,"RS",TRUE,5
"4115",NA,NA,NA,115,"RS",TRUE,5
"4116",0.0267207622528076,0.968349597781504,0.112606085654807,116,"RS",TRUE,5
"4117",0.0269901752471924,0.959069490451379,-0.881263466918226,117,"RS",TRUE,5
"4118",NA,NA,NA,118,"RS",TRUE,5
"4119",NA,NA,NA,119,"RS",TRUE,5
"4120",NA,NA,NA,120,"RS",TRUE,5
"4121",NA,NA,NA,121,"RS",TRUE,5
"4122",0.0280935764312744,1.54326053612946,-0.343978822865342,122,"RS",TRUE,5
"4123",NA,NA,NA,123,"RS",TRUE,5
"4124",0.028573751449585,0.745637511792678,-0.676645638665432,124,"RS",TRUE,5
"4125",NA,NA,NA,125,"RS",TRUE,5
"4126",NA,NA,NA,126,"RS",TRUE,5
"4127",NA,NA,NA,127,"RS",TRUE,5
"4128",NA,NA,NA,128,"RS",TRUE,5
"4129",NA,NA,NA,129,"RS",TRUE,5
"4130",NA,NA,NA,130,"RS",TRUE,5
"4131",0.0301089286804199,0.932240190467694,-0.897363650141518,131,"RS",TRUE,5
"4132",NA,NA,NA,132,"RS",TRUE,5
"4133",0.0305907726287842,0.778413429217981,-0.111891930119222,133,"RS",TRUE,5
"4134",NA,NA,NA,134,"RS",TRUE,5
"4135",0.0310747623443604,1.66471200620964,0.114023215596538,135,"RS",TRUE,5
"4136",NA,NA,NA,136,"RS",TRUE,5
"4137",NA,NA,NA,137,"RS",TRUE,5
"4138",NA,NA,NA,138,"RS",TRUE,5
"4139",NA,NA,NA,139,"RS",TRUE,5
"4140",NA,NA,NA,140,"RS",TRUE,5
"4141",NA,NA,NA,141,"RS",TRUE,5
"4142",NA,NA,NA,142,"RS",TRUE,5
"4143",NA,NA,NA,143,"RS",TRUE,5
"4144",NA,NA,NA,144,"RS",TRUE,5
"4145",NA,NA,NA,145,"RS",TRUE,5
"4146",NA,NA,NA,146,"RS",TRUE,5
"4147",NA,NA,NA,147,"RS",TRUE,5
"4148",NA,NA,NA,148,"RS",TRUE,5
"4149",NA,NA,NA,149,"RS",TRUE,5
"4150",0.0342719554901123,0.461168262653632,-0.658565948184089,150,"RS",TRUE,5
"4151",NA,NA,NA,151,"RS",TRUE,5
"4152",NA,NA,NA,152,"RS",TRUE,5
"4153",0.0349636077880859,0.565864309643431,-0.685430056634787,153,"RS",TRUE,5
"4154",NA,NA,NA,154,"RS",TRUE,5
"4155",NA,NA,NA,155,"RS",TRUE,5
"4156",NA,NA,NA,156,"RS",TRUE,5
"4157",NA,NA,NA,157,"RS",TRUE,5
"4158",0.0360691547393799,1.37504090824597,-0.629717409648619,158,"RS",TRUE,5
"4159",NA,NA,NA,159,"RS",TRUE,5
"4160",NA,NA,NA,160,"RS",TRUE,5
"4161",NA,NA,NA,161,"RS",TRUE,5
"4162",NA,NA,NA,162,"RS",TRUE,5
"4163",NA,NA,NA,163,"RS",TRUE,5
"4164",NA,NA,NA,164,"RS",TRUE,5
"4165",0.0376107692718506,0.809636449887461,-0.657117074574168,165,"RS",TRUE,5
"4166",NA,NA,NA,166,"RS",TRUE,5
"4167",NA,NA,NA,167,"RS",TRUE,5
"4168",0.0382981300354004,0.642650514446818,-0.495898299832397,168,"RS",TRUE,5
"4169",0.0385673046112061,1.34634398731268,-0.490915795048161,169,"RS",TRUE,5
"4170",NA,NA,NA,170,"RS",TRUE,5
"4171",0.0425698757171631,1.3808628218714,-0.250805016734349,171,"RS",TRUE,5
"4172",0.0429556369781494,1.0725007416031,-1.5621660716171,172,"RS",TRUE,5
"4173",NA,NA,NA,173,"RS",TRUE,5
"4174",0.0434339046478271,0.292094539213931,-0.388575697712194,174,"RS",TRUE,5
"4175",NA,NA,NA,175,"RS",TRUE,5
"4176",0.0439069271087646,1.38664884936419,-1.14241083207101,176,"RS",TRUE,5
"4177",NA,NA,NA,177,"RS",TRUE,5
"4178",NA,NA,NA,178,"RS",TRUE,5
"4179",NA,NA,NA,179,"RS",TRUE,5
"4180",NA,NA,NA,180,"RS",TRUE,5
"4181",NA,NA,NA,181,"RS",TRUE,5
"4182",NA,NA,NA,182,"RS",TRUE,5
"4183",NA,NA,NA,183,"RS",TRUE,5
"4184",NA,NA,NA,184,"RS",TRUE,5
"4185",0.0458409786224365,1.72412566489617,-1.08941604838016,185,"RS",TRUE,5
"4186",NA,NA,NA,186,"RS",TRUE,5
"4187",0.0463461875915527,0.756945191411301,-0.472878781702301,187,"RS",TRUE,5
"4188",NA,NA,NA,188,"RS",TRUE,5
"4189",0.0468754768371582,1.08657670105788,-1.19410302155922,189,"RS",TRUE,5
"4190",NA,NA,NA,190,"RS",TRUE,5
"4191",0.0473735332489014,0.918265482901324,-0.572735272520126,191,"RS",TRUE,5
"4192",0.0476357936859131,1.17828472224167,-0.170877173368323,192,"RS",TRUE,5
"4193",NA,NA,NA,193,"RS",TRUE,5
"4194",NA,NA,NA,194,"RS",TRUE,5
"4195",0.0483102798461914,2.13228523686282,-0.394629316622087,195,"RS",TRUE,5
"4196",NA,NA,NA,196,"RS",TRUE,5
"4197",NA,NA,NA,197,"RS",TRUE,5
"4198",NA,NA,NA,198,"RS",TRUE,5
"4199",0.0491869449615479,0.410474533893152,-0.424538803653707,199,"RS",TRUE,5
"4200",0.0494489669799805,0.674846151596685,-0.901303713651314,200,"RS",TRUE,5
"4201",NA,NA,NA,201,"RS",TRUE,5
"4202",NA,NA,NA,202,"RS",TRUE,5
"4203",NA,NA,NA,203,"RS",TRUE,5
"4204",0.0503165721893311,1.23542755277042,-0.85648727041408,204,"RS",TRUE,5
"4205",0.0505781173706055,0.700001886773205,-0.81543425297894,205,"RS",TRUE,5
"4206",0.0508458614349365,0.410345549963589,-0.782661005749875,206,"RS",TRUE,5
"4207",NA,NA,NA,207,"RS",TRUE,5
"4208",NA,NA,NA,208,"RS",TRUE,5
"4209",0.051511287689209,1.08893540422164,-0.896527276647571,209,"RS",TRUE,5
"4210",NA,NA,NA,210,"RS",TRUE,5
"4211",NA,NA,NA,211,"RS",TRUE,5
"4212",0.0521862506866455,1.43017614996074,-0.430921971184399,212,"RS",TRUE,5
"4213",NA,NA,NA,213,"RS",TRUE,5
"4214",NA,NA,NA,214,"RS",TRUE,5
"4215",0.0528581142425537,1.18370235056819,-1.74897370958652,215,"RS",TRUE,5
"4216",NA,NA,NA,216,"RS",TRUE,5
"4217",NA,NA,NA,217,"RS",TRUE,5
"4218",0.0535347461700439,1.35490769750909,-0.414466404434285,218,"RS",TRUE,5
"4219",NA,NA,NA,219,"RS",TRUE,5
"4220",0.0539968013763428,0.981380235194557,-0.0853817407937676,220,"RS",TRUE,5
"4221",NA,NA,NA,221,"RS",TRUE,5
"4222",NA,NA,NA,222,"RS",TRUE,5
"4223",NA,NA,NA,223,"RS",TRUE,5
"4224",NA,NA,NA,224,"RS",TRUE,5
"4225",NA,NA,NA,225,"RS",TRUE,5
"4226",NA,NA,NA,226,"RS",TRUE,5
"4227",NA,NA,NA,227,"RS",TRUE,5
"4228",0.0557258129119873,0.653275358719328,-0.524043958630572,228,"RS",TRUE,5
"4229",NA,NA,NA,229,"RS",TRUE,5
"4230",0.0561935901641846,1.34718393946543,-0.470062737408248,230,"RS",TRUE,5
"4231",NA,NA,NA,231,"RS",TRUE,5
"4232",NA,NA,NA,232,"RS",TRUE,5
"4233",NA,NA,NA,233,"RS",TRUE,5
"4234",NA,NA,NA,234,"RS",TRUE,5
"4235",NA,NA,NA,235,"RS",TRUE,5
"4236",NA,NA,NA,236,"RS",TRUE,5
"4237",NA,NA,NA,237,"RS",TRUE,5
"4238",NA,NA,NA,238,"RS",TRUE,5
"4239",0.0581281185150146,1.5484295988824,-0.960993173919575,239,"RS",TRUE,5
"4240",NA,NA,NA,240,"RS",TRUE,5
"4241",NA,NA,NA,241,"RS",TRUE,5
"4242",NA,NA,NA,242,"RS",TRUE,5
"4243",0.0590121746063232,0.581201307340763,-0.392591388775962,243,"RS",TRUE,5
"4244",NA,NA,NA,244,"RS",TRUE,5
"4245",0.0594818592071533,0.580449218839151,-0.808113666623934,245,"RS",TRUE,5
"4246",NA,NA,NA,246,"RS",TRUE,5
"4247",NA,NA,NA,247,"RS",TRUE,5
"4248",NA,NA,NA,248,"RS",TRUE,5
"4249",NA,NA,NA,249,"RS",TRUE,5
"4250",NA,NA,NA,250,"RS",TRUE,5
"4251",0.0607810020446777,0.537423176774905,-0.65135254168316,251,"RS",TRUE,5
"4252",NA,NA,NA,252,"RS",TRUE,5
"4253",NA,NA,NA,253,"RS",TRUE,5
"4254",NA,NA,NA,254,"RS",TRUE,5
"4255",NA,NA,NA,255,"RS",TRUE,5
"4256",0.0618753433227539,1.98046548783765,-0.277859030959424,256,"RS",TRUE,5
"4257",NA,NA,NA,257,"RS",TRUE,5
"4258",NA,NA,NA,258,"RS",TRUE,5
"4259",NA,NA,NA,259,"RS",TRUE,5
"4260",NA,NA,NA,260,"RS",TRUE,5
"4261",NA,NA,NA,261,"RS",TRUE,5
"4262",NA,NA,NA,262,"RS",TRUE,5
"4263",NA,NA,NA,263,"RS",TRUE,5
"4264",NA,NA,NA,264,"RS",TRUE,5
"4265",0.063817024230957,1.08763958511487,-0.73521249187788,265,"RS",TRUE,5
"4266",NA,NA,NA,266,"RS",TRUE,5
"4267",NA,NA,NA,267,"RS",TRUE,5
"4268",NA,NA,NA,268,"RS",TRUE,5
"4269",NA,NA,NA,269,"RS",TRUE,5
"4270",NA,NA,NA,270,"RS",TRUE,5
"4271",NA,NA,NA,271,"RS",TRUE,5
"4272",NA,NA,NA,272,"RS",TRUE,5
"4273",NA,NA,NA,273,"RS",TRUE,5
"4274",NA,NA,NA,274,"RS",TRUE,5
"4275",0.0659584999084473,1.88771911564586,-0.129914306951249,275,"RS",TRUE,5
"4276",NA,NA,NA,276,"RS",TRUE,5
"4277",NA,NA,NA,277,"RS",TRUE,5
"4278",NA,NA,NA,278,"RS",TRUE,5
"4279",NA,NA,NA,279,"RS",TRUE,5
"4280",0.0670585632324219,1.90595156453329,-0.140203758479132,280,"RS",TRUE,5
"4281",NA,NA,NA,281,"RS",TRUE,5
"4282",NA,NA,NA,282,"RS",TRUE,5
"4283",NA,NA,NA,283,"RS",TRUE,5
"4284",NA,NA,NA,284,"RS",TRUE,5
"4285",NA,NA,NA,285,"RS",TRUE,5
"4286",NA,NA,NA,286,"RS",TRUE,5
"4287",0.068570613861084,1.72050489115788,-1.00930407672903,287,"RS",TRUE,5
"4288",NA,NA,NA,288,"RS",TRUE,5
"4289",NA,NA,NA,289,"RS",TRUE,5
"4290",NA,NA,NA,290,"RS",TRUE,5
"4291",NA,NA,NA,291,"RS",TRUE,5
"4292",0.0696911811828613,1.46932989129442,-0.161106746959525,292,"RS",TRUE,5
"4293",NA,NA,NA,293,"RS",TRUE,5
"4294",NA,NA,NA,294,"RS",TRUE,5
"4295",NA,NA,NA,295,"RS",TRUE,5
"4296",NA,NA,NA,296,"RS",TRUE,5
"4297",NA,NA,NA,297,"RS",TRUE,5
"4298",0.0709867477416992,0.665236124470016,-0.171811888474383,298,"RS",TRUE,5
"4299",0.0712535381317139,1.20813980459778,0.330421652048044,299,"RS",TRUE,5
"4300",NA,NA,NA,300,"RS",TRUE,5
"4301",NA,NA,NA,301,"RS",TRUE,5
"4302",NA,NA,NA,302,"RS",TRUE,5
"4303",NA,NA,NA,303,"RS",TRUE,5
"4304",NA,NA,NA,304,"RS",TRUE,5
"4305",NA,NA,NA,305,"RS",TRUE,5
"4306",NA,NA,NA,306,"RS",TRUE,5
"4307",NA,NA,NA,307,"RS",TRUE,5
"4308",0.073178768157959,0.95931075585991,-1.68543864758535,308,"RS",TRUE,5
"4309",NA,NA,NA,309,"RS",TRUE,5
"4310",0.0736665725708008,2.02571311931893,-1.30305181659092,310,"RS",TRUE,5
"4311",NA,NA,NA,311,"RS",TRUE,5
"4312",0.0741615295410156,2.48857692180211,-1.17533698025206,312,"RS",TRUE,5
"4313",0.0744400024414062,0.928109601384318,-0.997140294628795,313,"RS",TRUE,5
"4314",NA,NA,NA,314,"RS",TRUE,5
"4315",NA,NA,NA,315,"RS",TRUE,5
"4316",NA,NA,NA,316,"RS",TRUE,5
"4317",NA,NA,NA,317,"RS",TRUE,5
"4318",NA,NA,NA,318,"RS",TRUE,5
"4319",0.0757789611816406,1.3155862401018,0.0640938254808556,319,"RS",TRUE,5
"4320",NA,NA,NA,320,"RS",TRUE,5
"4321",NA,NA,NA,321,"RS",TRUE,5
"4322",NA,NA,NA,322,"RS",TRUE,5
"4323",NA,NA,NA,323,"RS",TRUE,5
"4324",NA,NA,NA,324,"RS",TRUE,5
"4325",NA,NA,NA,325,"RS",TRUE,5
"4326",NA,NA,NA,326,"RS",TRUE,5
"4327",NA,NA,NA,327,"RS",TRUE,5
"4328",NA,NA,NA,328,"RS",TRUE,5
"4329",0.0779488086700439,1.08308018994576,-0.518828696313115,329,"RS",TRUE,5
"4330",0.0782294273376465,1.67775020159534,-0.932528451276558,330,"RS",TRUE,5
"4331",NA,NA,NA,331,"RS",TRUE,5
"4332",NA,NA,NA,332,"RS",TRUE,5
"4333",NA,NA,NA,333,"RS",TRUE,5
"4334",NA,NA,NA,334,"RS",TRUE,5
"4335",NA,NA,NA,335,"RS",TRUE,5
"4336",NA,NA,NA,336,"RS",TRUE,5
"4337",NA,NA,NA,337,"RS",TRUE,5
"4338",NA,NA,NA,338,"RS",TRUE,5
"4339",NA,NA,NA,339,"RS",TRUE,5
"4340",NA,NA,NA,340,"RS",TRUE,5
"4341",NA,NA,NA,341,"RS",TRUE,5
"4342",NA,NA,NA,342,"RS",TRUE,5
"4343",NA,NA,NA,343,"RS",TRUE,5
"4344",0.0812413692474365,1.71941854296923,-0.858232069701379,344,"RS",TRUE,5
"4345",NA,NA,NA,345,"RS",TRUE,5
"4346",0.0817177295684814,1.50040127770604,-0.935117093175713,346,"RS",TRUE,5
"4347",NA,NA,NA,347,"RS",TRUE,5
"4348",NA,NA,NA,348,"RS",TRUE,5
"4349",NA,NA,NA,349,"RS",TRUE,5
"4350",NA,NA,NA,350,"RS",TRUE,5
"4351",NA,NA,NA,351,"RS",TRUE,5
"4352",NA,NA,NA,352,"RS",TRUE,5
"4353",0.0832297801971436,2.42817361663576,-1.17132668677446,353,"RS",TRUE,5
"4354",NA,NA,NA,354,"RS",TRUE,5
"4355",NA,NA,NA,355,"RS",TRUE,5
"4356",NA,NA,NA,356,"RS",TRUE,5
"4357",NA,NA,NA,357,"RS",TRUE,5
"4358",NA,NA,NA,358,"RS",TRUE,5
"4359",NA,NA,NA,359,"RS",TRUE,5
"4360",0.0847325325012207,0.916226921998913,-0.670828701696043,360,"RS",TRUE,5
"4361",NA,NA,NA,361,"RS",TRUE,5
"4362",NA,NA,NA,362,"RS",TRUE,5
"4363",NA,NA,NA,363,"RS",TRUE,5
"4364",NA,NA,NA,364,"RS",TRUE,5
"4365",NA,NA,NA,365,"RS",TRUE,5
"4366",NA,NA,NA,366,"RS",TRUE,5
"4367",0.0862417221069336,1.5408516695463,-0.457237319430939,367,"RS",TRUE,5
"4368",NA,NA,NA,368,"RS",TRUE,5
"4369",NA,NA,NA,369,"RS",TRUE,5
"4370",NA,NA,NA,370,"RS",TRUE,5
"4371",NA,NA,NA,371,"RS",TRUE,5
"4372",NA,NA,NA,372,"RS",TRUE,5
"4373",NA,NA,NA,373,"RS",TRUE,5
"4374",0.0877537727355957,1.41025796117205,0.241517418671505,374,"RS",TRUE,5
"4375",NA,NA,NA,375,"RS",TRUE,5
"4376",0.0882296562194824,0.822161055522162,-1.04785314166235,376,"RS",TRUE,5
"4377",0.0884931087493896,0.993534225365311,-0.808874538164757,377,"RS",TRUE,5
"4378",NA,NA,NA,378,"RS",TRUE,5
"4379",NA,NA,NA,379,"RS",TRUE,5
"4380",NA,NA,NA,380,"RS",TRUE,5
"4381",NA,NA,NA,381,"RS",TRUE,5
"4382",0.0895833969116211,1.25600507329271,-1.82721743261777,382,"RS",TRUE,5
"4383",NA,NA,NA,383,"RS",TRUE,5
"4384",NA,NA,NA,384,"RS",TRUE,5
"4385",NA,NA,NA,385,"RS",TRUE,5
"4386",NA,NA,NA,386,"RS",TRUE,5
"4387",NA,NA,NA,387,"RS",TRUE,5
"4388",NA,NA,NA,388,"RS",TRUE,5
"4389",NA,NA,NA,389,"RS",TRUE,5
"4390",NA,NA,NA,390,"RS",TRUE,5
"4391",0.091515064239502,0.937500814379354,-0.567927473347617,391,"RS",TRUE,5
"4392",0.0917997360229492,0.950054599320061,0.127869147744644,392,"RS",TRUE,5
"4393",NA,NA,NA,393,"RS",TRUE,5
"4394",0.0922777652740479,0.826999786454037,-1.33580589516626,394,"RS",TRUE,5
"4395",NA,NA,NA,395,"RS",TRUE,5
"4396",0.092747688293457,1.75853014991127,-0.393605105248585,396,"RS",TRUE,5
"4397",NA,NA,NA,397,"RS",TRUE,5
"4398",NA,NA,NA,398,"RS",TRUE,5
"4399",NA,NA,NA,399,"RS",TRUE,5
"4400",0.093644380569458,1.3780896884215,-0.243138001520803,400,"RS",TRUE,5
"4401",NA,NA,NA,401,"RS",TRUE,5
"4402",0.0941181182861328,1.80214023847892,-0.49829631092409,402,"RS",TRUE,5
"4403",NA,NA,NA,403,"RS",TRUE,5
"4404",NA,NA,NA,404,"RS",TRUE,5
"4405",NA,NA,NA,405,"RS",TRUE,5
"4406",0.0950131416320801,0.615584807557505,0.141695688125115,406,"RS",TRUE,5
"4407",NA,NA,NA,407,"RS",TRUE,5
"4408",0.0954997539520264,0.648478573911654,-0.121787016567641,408,"RS",TRUE,5
"4409",NA,NA,NA,409,"RS",TRUE,5
"4410",NA,NA,NA,410,"RS",TRUE,5
"4411",NA,NA,NA,411,"RS",TRUE,5
"4412",NA,NA,NA,412,"RS",TRUE,5
"4413",NA,NA,NA,413,"RS",TRUE,5
"4414",0.0968155860900879,0.900026162275328,-0.45206017992714,414,"RS",TRUE,5
"4415",NA,NA,NA,415,"RS",TRUE,5
"4416",0.097299337387085,1.09163223290126,-0.134888592869776,416,"RS",TRUE,5
"4417",NA,NA,NA,417,"RS",TRUE,5
"4418",NA,NA,NA,418,"RS",TRUE,5
"4419",NA,NA,NA,419,"RS",TRUE,5
"4420",NA,NA,NA,420,"RS",TRUE,5
"4421",NA,NA,NA,421,"RS",TRUE,5
"4422",NA,NA,NA,422,"RS",TRUE,5
"4423",NA,NA,NA,423,"RS",TRUE,5
"4424",NA,NA,NA,424,"RS",TRUE,5
"4425",0.0992367267608643,1.97689737070193,-0.237013037638077,425,"RS",TRUE,5
"4426",NA,NA,NA,426,"RS",TRUE,5
"4427",NA,NA,NA,427,"RS",TRUE,5
"4428",NA,NA,NA,428,"RS",TRUE,5
"4429",NA,NA,NA,429,"RS",TRUE,5
"4430",NA,NA,NA,430,"RS",TRUE,5
"4431",NA,NA,NA,431,"RS",TRUE,5
"4432",NA,NA,NA,432,"RS",TRUE,5
"4433",NA,NA,NA,433,"RS",TRUE,5
"4434",NA,NA,NA,434,"RS",TRUE,5
"4435",0.101420640945435,1.70526814675982,-1.26908819255665,435,"RS",TRUE,5
"4436",NA,NA,NA,436,"RS",TRUE,5
"4437",0.101902723312378,0.592370525942181,-0.134161864838498,437,"RS",TRUE,5
"4438",NA,NA,NA,438,"RS",TRUE,5
"4439",NA,NA,NA,439,"RS",TRUE,5
"4440",NA,NA,NA,440,"RS",TRUE,5
"4441",NA,NA,NA,441,"RS",TRUE,5
"4442",NA,NA,NA,442,"RS",TRUE,5
"4443",NA,NA,NA,443,"RS",TRUE,5
"4444",NA,NA,NA,444,"RS",TRUE,5
"4445",NA,NA,NA,445,"RS",TRUE,5
"4446",NA,NA,NA,446,"RS",TRUE,5
"4447",NA,NA,NA,447,"RS",TRUE,5
"4448",NA,NA,NA,448,"RS",TRUE,5
"4449",NA,NA,NA,449,"RS",TRUE,5
"4450",0.104678869247437,1.24906139159431,-0.993266463573766,450,"RS",TRUE,5
"4451",0.104963302612305,1.38222572097756,-1.37838134001265,451,"RS",TRUE,5
"4452",0.105256080627441,1.95566439403799,-0.42752360471308,452,"RS",TRUE,5
"4453",NA,NA,NA,453,"RS",TRUE,5
"4454",0.105749368667603,1.83319370435703,-0.673543624662598,454,"RS",TRUE,5
"4455",NA,NA,NA,455,"RS",TRUE,5
"4456",NA,NA,NA,456,"RS",TRUE,5
"4457",NA,NA,NA,457,"RS",TRUE,5
"4458",0.106648921966553,0.489693743975186,-0.62135267713048,458,"RS",TRUE,5
"4459",NA,NA,NA,459,"RS",TRUE,5
"4460",NA,NA,NA,460,"RS",TRUE,5
"4461",NA,NA,NA,461,"RS",TRUE,5
"4462",NA,NA,NA,462,"RS",TRUE,5
"4463",NA,NA,NA,463,"RS",TRUE,5
"4464",0.107996463775635,0.516068528004631,-1.1647234798966,464,"RS",TRUE,5
"4465",NA,NA,NA,465,"RS",TRUE,5
"4466",NA,NA,NA,466,"RS",TRUE,5
"4467",NA,NA,NA,467,"RS",TRUE,5
"4468",NA,NA,NA,468,"RS",TRUE,5
"4469",NA,NA,NA,469,"RS",TRUE,5
"4470",NA,NA,NA,470,"RS",TRUE,5
"4471",NA,NA,NA,471,"RS",TRUE,5
"4472",NA,NA,NA,472,"RS",TRUE,5
"4473",0.109943151473999,1.19432932037882,0.40709211030655,473,"RS",TRUE,5
"4474",NA,NA,NA,474,"RS",TRUE,5
"4475",NA,NA,NA,475,"RS",TRUE,5
"4476",NA,NA,NA,476,"RS",TRUE,5
"4477",0.110845804214478,1.82083653350954,-1.3678804287275,477,"RS",TRUE,5
"4478",NA,NA,NA,478,"RS",TRUE,5
"4479",NA,NA,NA,479,"RS",TRUE,5
"4480",NA,NA,NA,480,"RS",TRUE,5
"4481",NA,NA,NA,481,"RS",TRUE,5
"4482",0.111949682235718,1.04039350124329,-0.966939983321988,482,"RS",TRUE,5
"4483",NA,NA,NA,483,"RS",TRUE,5
"4484",NA,NA,NA,484,"RS",TRUE,5
"4485",NA,NA,NA,485,"RS",TRUE,5
"4486",NA,NA,NA,486,"RS",TRUE,5
"4487",NA,NA,NA,487,"RS",TRUE,5
"4488",NA,NA,NA,488,"RS",TRUE,5
"4489",NA,NA,NA,489,"RS",TRUE,5
"4490",NA,NA,NA,490,"RS",TRUE,5
"4491",NA,NA,NA,491,"RS",TRUE,5
"4492",NA,NA,NA,492,"RS",TRUE,5
"4493",NA,NA,NA,493,"RS",TRUE,5
"4494",NA,NA,NA,494,"RS",TRUE,5
"4495",NA,NA,NA,495,"RS",TRUE,5
"4496",0.11499810218811,0.747562127684317,-0.406783270623998,496,"RS",TRUE,5
"4497",NA,NA,NA,497,"RS",TRUE,5
"4498",0.11548638343811,0.957074068598986,0.380463768111312,498,"RS",TRUE,5
"4499",0.115756273269653,1.22900746839913,-1.50511328732164,499,"RS",TRUE,5
"4500",NA,NA,NA,500,"RS",TRUE,5
"4501",NA,NA,NA,501,"RS",TRUE,5
"4502",0.116480827331543,0.291357438662432,-0.791350118694113,502,"RS",TRUE,5
"4503",0.116752147674561,1.76293452780538,-0.275233399295804,503,"RS",TRUE,5
"4504",NA,NA,NA,504,"RS",TRUE,5
"4505",NA,NA,NA,505,"RS",TRUE,5
"4506",NA,NA,NA,506,"RS",TRUE,5
"4507",NA,NA,NA,507,"RS",TRUE,5
"4508",NA,NA,NA,508,"RS",TRUE,5
"4509",NA,NA,NA,509,"RS",TRUE,5
"4510",NA,NA,NA,510,"RS",TRUE,5
"4511",NA,NA,NA,511,"RS",TRUE,5
"4512",NA,NA,NA,512,"RS",TRUE,5
"4513",NA,NA,NA,513,"RS",TRUE,5
"4514",NA,NA,NA,514,"RS",TRUE,5
"4515",NA,NA,NA,515,"RS",TRUE,5
"4516",0.119564056396484,1.4753382918452,-1.06977063662403,516,"RS",TRUE,5
"4517",0.119839429855347,1.22461088747319,-1.46202822847147,517,"RS",TRUE,5
"4518",NA,NA,NA,518,"RS",TRUE,5
"4519",0.120317220687866,1.57159550523572,-0.0392331618822557,519,"RS",TRUE,5
"4520",NA,NA,NA,520,"RS",TRUE,5
"4521",NA,NA,NA,521,"RS",TRUE,5
"4522",0.12100076675415,2.10717427684364,0.130411851668714,522,"RS",TRUE,5
"4523",NA,NA,NA,523,"RS",TRUE,5
"4524",NA,NA,NA,524,"RS",TRUE,5
"4525",0.121698379516602,1.39936780616784,-0.108821105572421,525,"RS",TRUE,5
"4526",NA,NA,NA,526,"RS",TRUE,5
"4527",0.122193574905396,1.98662161949025,-0.0251842524141986,527,"RS",TRUE,5
"4528",NA,NA,NA,528,"RS",TRUE,5
"4529",0.122669696807861,0.58459597077485,-0.252998353947719,529,"RS",TRUE,5
"4530",NA,NA,NA,530,"RS",TRUE,5
"4531",NA,NA,NA,531,"RS",TRUE,5
"4532",NA,NA,NA,532,"RS",TRUE,5
"4533",0.123568296432495,1.23910903422382,-0.94683321056163,533,"RS",TRUE,5
"4534",NA,NA,NA,534,"RS",TRUE,5
"4535",NA,NA,NA,535,"RS",TRUE,5
"4536",NA,NA,NA,536,"RS",TRUE,5
"4537",NA,NA,NA,537,"RS",TRUE,5
"4538",NA,NA,NA,538,"RS",TRUE,5
"4539",0.124882936477661,0.482945253655965,-0.130521728473621,539,"RS",TRUE,5
"4540",NA,NA,NA,540,"RS",TRUE,5
"4541",NA,NA,NA,541,"RS",TRUE,5
"4542",NA,NA,NA,542,"RS",TRUE,5
"4543",0.125786542892456,1.21641171845616,0.315524101875834,543,"RS",TRUE,5
"4544",NA,NA,NA,544,"RS",TRUE,5
"4545",NA,NA,NA,545,"RS",TRUE,5
"4546",0.126480102539062,0.689760700249759,-0.458496798994438,546,"RS",TRUE,5
"4547",NA,NA,NA,547,"RS",TRUE,5
"4548",NA,NA,NA,548,"RS",TRUE,5
"4549",NA,NA,NA,549,"RS",TRUE,5
"4550",NA,NA,NA,550,"RS",TRUE,5
"4551",NA,NA,NA,551,"RS",TRUE,5
"4552",NA,NA,NA,552,"RS",TRUE,5
"4553",NA,NA,NA,553,"RS",TRUE,5
"4554",NA,NA,NA,554,"RS",TRUE,5
"4555",NA,NA,NA,555,"RS",TRUE,5
"4556",NA,NA,NA,556,"RS",TRUE,5
"4557",NA,NA,NA,557,"RS",TRUE,5
"4558",NA,NA,NA,558,"RS",TRUE,5
"4559",NA,NA,NA,559,"RS",TRUE,5
"4560",NA,NA,NA,560,"RS",TRUE,5
"4561",NA,NA,NA,561,"RS",TRUE,5
"4562",0.129902362823486,1.67264508451303,-0.010958492593725,562,"RS",TRUE,5
"4563",0.130174160003662,1.46309460924837,-1.19453106644216,563,"RS",TRUE,5
"4564",NA,NA,NA,564,"RS",TRUE,5
"4565",0.130655765533447,0.811931113601819,-0.392213545099227,565,"RS",TRUE,5
"4566",0.130927085876465,1.52944506531712,-1.95305838191637,566,"RS",TRUE,5
"4567",NA,NA,NA,567,"RS",TRUE,5
"4568",NA,NA,NA,568,"RS",TRUE,5
"4569",NA,NA,NA,569,"RS",TRUE,5
"4570",NA,NA,NA,570,"RS",TRUE,5
"4571",NA,NA,NA,571,"RS",TRUE,5
"4572",0.132246971130371,0.406914347075717,-0.525371454668481,572,"RS",TRUE,5
"4573",NA,NA,NA,573,"RS",TRUE,5
"4574",NA,NA,NA,574,"RS",TRUE,5
"4575",NA,NA,NA,575,"RS",TRUE,5
"4576",0.133149147033691,0.698725455659429,-0.426413070424221,576,"RS",TRUE,5
"4577",NA,NA,NA,577,"RS",TRUE,5
"4578",NA,NA,NA,578,"RS",TRUE,5
"4579",NA,NA,NA,579,"RS",TRUE,5
"4580",NA,NA,NA,580,"RS",TRUE,5
"4581",NA,NA,NA,581,"RS",TRUE,5
"4582",NA,NA,NA,582,"RS",TRUE,5
"4583",NA,NA,NA,583,"RS",TRUE,5
"4584",0.134900569915771,0.844718342268804,-0.433533002260071,584,"RS",TRUE,5
"4585",NA,NA,NA,585,"RS",TRUE,5
"4586",NA,NA,NA,586,"RS",TRUE,5
"4587",NA,NA,NA,587,"RS",TRUE,5
"4588",NA,NA,NA,588,"RS",TRUE,5
"4589",NA,NA,NA,589,"RS",TRUE,5
"4590",NA,NA,NA,590,"RS",TRUE,5
"4591",NA,NA,NA,591,"RS",TRUE,5
"4592",0.136634826660156,0.687935903144972,-1.33890243932213,592,"RS",TRUE,5
"4593",NA,NA,NA,593,"RS",TRUE,5
"4594",NA,NA,NA,594,"RS",TRUE,5
"4595",NA,NA,NA,595,"RS",TRUE,5
"4596",NA,NA,NA,596,"RS",TRUE,5
"4597",NA,NA,NA,597,"RS",TRUE,5
"4598",NA,NA,NA,598,"RS",TRUE,5
"4599",NA,NA,NA,599,"RS",TRUE,5
"4600",NA,NA,NA,600,"RS",TRUE,5
"4601",0.138564348220825,1.20219724946741,-1.10549055114854,601,"RS",TRUE,5
"4602",NA,NA,NA,602,"RS",TRUE,5
"4603",NA,NA,NA,603,"RS",TRUE,5
"4604",NA,NA,NA,604,"RS",TRUE,5
"4605",NA,NA,NA,605,"RS",TRUE,5
"4606",NA,NA,NA,606,"RS",TRUE,5
"4607",NA,NA,NA,607,"RS",TRUE,5
"4608",NA,NA,NA,608,"RS",TRUE,5
"4609",NA,NA,NA,609,"RS",TRUE,5
"4610",NA,NA,NA,610,"RS",TRUE,5
"4611",NA,NA,NA,611,"RS",TRUE,5
"4612",NA,NA,NA,612,"RS",TRUE,5
"4613",NA,NA,NA,613,"RS",TRUE,5
"4614",NA,NA,NA,614,"RS",TRUE,5
"4615",NA,NA,NA,615,"RS",TRUE,5
"4616",NA,NA,NA,616,"RS",TRUE,5
"4617",0.141954898834229,1.17056198921204,0.0700574592934898,617,"RS",TRUE,5
"4618",NA,NA,NA,618,"RS",TRUE,5
"4619",NA,NA,NA,619,"RS",TRUE,5
"4620",NA,NA,NA,620,"RS",TRUE,5
"4621",NA,NA,NA,621,"RS",TRUE,5
"4622",NA,NA,NA,622,"RS",TRUE,5
"4623",0.146965980529785,0.42939141321198,-0.0233014768444109,623,"RS",TRUE,5
"4624",NA,NA,NA,624,"RS",TRUE,5
"4625",NA,NA,NA,625,"RS",TRUE,5
"4626",NA,NA,NA,626,"RS",TRUE,5
"4627",0.147937536239624,1.69559311224403,-1.17749871075635,627,"RS",TRUE,5
"4628",NA,NA,NA,628,"RS",TRUE,5
"4629",NA,NA,NA,629,"RS",TRUE,5
"4630",NA,NA,NA,630,"RS",TRUE,5
"4631",NA,NA,NA,631,"RS",TRUE,5
"4632",NA,NA,NA,632,"RS",TRUE,5
"4633",NA,NA,NA,633,"RS",TRUE,5
"4634",NA,NA,NA,634,"RS",TRUE,5
"4635",0.149701118469238,0.48758489231933,-1.00175741275141,635,"RS",TRUE,5
"4636",0.149975061416626,0.55334744745152,-0.640156639049677,636,"RS",TRUE,5
"4637",NA,NA,NA,637,"RS",TRUE,5
"4638",NA,NA,NA,638,"RS",TRUE,5
"4639",0.150646686553955,1.14289592285318,-1.24260135592762,639,"RS",TRUE,5
"4640",NA,NA,NA,640,"RS",TRUE,5
"4641",0.15111255645752,1.53945306690438,-0.806611405208756,641,"RS",TRUE,5
"4642",0.151374816894531,0.893625831444769,0.167595892328645,642,"RS",TRUE,5
"4643",NA,NA,NA,643,"RS",TRUE,5
"4644",NA,NA,NA,644,"RS",TRUE,5
"4645",0.152048349380493,1.95465664395473,-0.400132213722553,645,"RS",TRUE,5
"4646",NA,NA,NA,646,"RS",TRUE,5
"4647",NA,NA,NA,647,"RS",TRUE,5
"4648",NA,NA,NA,648,"RS",TRUE,5
"4649",NA,NA,NA,649,"RS",TRUE,5
"4650",NA,NA,NA,650,"RS",TRUE,5
"4651",NA,NA,NA,651,"RS",TRUE,5
"4652",NA,NA,NA,652,"RS",TRUE,5
"4653",NA,NA,NA,653,"RS",TRUE,5
"4654",NA,NA,NA,654,"RS",TRUE,5
"4655",NA,NA,NA,655,"RS",TRUE,5
"4656",NA,NA,NA,656,"RS",TRUE,5
"4657",NA,NA,NA,657,"RS",TRUE,5
"4658",NA,NA,NA,658,"RS",TRUE,5
"4659",NA,NA,NA,659,"RS",TRUE,5
"4660",0.155169486999512,0.497560521038748,-0.54686089778815,660,"RS",TRUE,5
"4661",NA,NA,NA,661,"RS",TRUE,5
"4662",NA,NA,NA,662,"RS",TRUE,5
"4663",NA,NA,NA,663,"RS",TRUE,5
"4664",NA,NA,NA,664,"RS",TRUE,5
"4665",NA,NA,NA,665,"RS",TRUE,5
"4666",NA,NA,NA,666,"RS",TRUE,5
"4667",NA,NA,NA,667,"RS",TRUE,5
"4668",NA,NA,NA,668,"RS",TRUE,5
"4669",NA,NA,NA,669,"RS",TRUE,5
"4670",0.157277345657349,1.90157515132978,-2.01345221389023,670,"RS",TRUE,5
"4671",NA,NA,NA,671,"RS",TRUE,5
"4672",0.157746076583862,0.644569374459179,-0.3001937055403,672,"RS",TRUE,5
"4673",NA,NA,NA,673,"RS",TRUE,5
"4674",NA,NA,NA,674,"RS",TRUE,5
"4675",NA,NA,NA,675,"RS",TRUE,5
"4676",NA,NA,NA,676,"RS",TRUE,5
"4677",NA,NA,NA,677,"RS",TRUE,5
"4678",NA,NA,NA,678,"RS",TRUE,5
"4679",NA,NA,NA,679,"RS",TRUE,5
"4680",NA,NA,NA,680,"RS",TRUE,5
"4681",0.159661293029785,0.683154427495263,-1.14694433834021,681,"RS",TRUE,5
"4682",0.159929037094116,0.824063105378875,-0.410121799337661,682,"RS",TRUE,5
"4683",0.160189390182495,0.811640929315936,-1.49640079704512,683,"RS",TRUE,5
"4684",0.160450220108032,1.57597088033361,0.20681239859636,684,"RS",TRUE,5
"4685",0.160714149475098,1.52858002276523,-0.836352436180459,685,"RS",TRUE,5
"4686",NA,NA,NA,686,"RS",TRUE,5
"4687",NA,NA,NA,687,"RS",TRUE,5
"4688",NA,NA,NA,688,"RS",TRUE,5
"4689",0.161606073379517,0.86031406184314,-1.64831961087181,689,"RS",TRUE,5
"4690",NA,NA,NA,690,"RS",TRUE,5
"4691",NA,NA,NA,691,"RS",TRUE,5
"4692",NA,NA,NA,692,"RS",TRUE,5
"4693",NA,NA,NA,693,"RS",TRUE,5
"4694",NA,NA,NA,694,"RS",TRUE,5
"4695",NA,NA,NA,695,"RS",TRUE,5
"4696",NA,NA,NA,696,"RS",TRUE,5
"4697",NA,NA,NA,697,"RS",TRUE,5
"4698",NA,NA,NA,698,"RS",TRUE,5
"4699",NA,NA,NA,699,"RS",TRUE,5
"4700",NA,NA,NA,700,"RS",TRUE,5
"4701",NA,NA,NA,701,"RS",TRUE,5
"4702",NA,NA,NA,702,"RS",TRUE,5
"4703",NA,NA,NA,703,"RS",TRUE,5
"4704",NA,NA,NA,704,"RS",TRUE,5
"4705",NA,NA,NA,705,"RS",TRUE,5
"4706",0.16521954536438,0.334786370514823,-0.847381937388519,706,"RS",TRUE,5
"4707",NA,NA,NA,707,"RS",TRUE,5
"4708",NA,NA,NA,708,"RS",TRUE,5
"4709",NA,NA,NA,709,"RS",TRUE,5
"4710",NA,NA,NA,710,"RS",TRUE,5
"4711",NA,NA,NA,711,"RS",TRUE,5
"4712",NA,NA,NA,712,"RS",TRUE,5
"4713",NA,NA,NA,713,"RS",TRUE,5
"4714",NA,NA,NA,714,"RS",TRUE,5
"4715",NA,NA,NA,715,"RS",TRUE,5
"4716",NA,NA,NA,716,"RS",TRUE,5
"4717",NA,NA,NA,717,"RS",TRUE,5
"4718",0.167807817459106,1.18778929141456,0.0126386503786012,718,"RS",TRUE,5
"4719",NA,NA,NA,719,"RS",TRUE,5
"4720",NA,NA,NA,720,"RS",TRUE,5
"4721",NA,NA,NA,721,"RS",TRUE,5
"4722",NA,NA,NA,722,"RS",TRUE,5
"4723",NA,NA,NA,723,"RS",TRUE,5
"4724",NA,NA,NA,724,"RS",TRUE,5
"4725",NA,NA,NA,725,"RS",TRUE,5
"4726",NA,NA,NA,726,"RS",TRUE,5
"4727",NA,NA,NA,727,"RS",TRUE,5
"4728",NA,NA,NA,728,"RS",TRUE,5
"4729",NA,NA,NA,729,"RS",TRUE,5
"4730",NA,NA,NA,730,"RS",TRUE,5
"4731",NA,NA,NA,731,"RS",TRUE,5
"4732",NA,NA,NA,732,"RS",TRUE,5
"4733",NA,NA,NA,733,"RS",TRUE,5
"4734",NA,NA,NA,734,"RS",TRUE,5
"4735",NA,NA,NA,735,"RS",TRUE,5
"4736",NA,NA,NA,736,"RS",TRUE,5
"4737",NA,NA,NA,737,"RS",TRUE,5
"4738",NA,NA,NA,738,"RS",TRUE,5
"4739",0.172255992889404,0.816764497768621,0.103996379866133,739,"RS",TRUE,5
"4740",NA,NA,NA,740,"RS",TRUE,5
"4741",NA,NA,NA,741,"RS",TRUE,5
"4742",NA,NA,NA,742,"RS",TRUE,5
"4743",NA,NA,NA,743,"RS",TRUE,5
"4744",NA,NA,NA,744,"RS",TRUE,5
"4745",NA,NA,NA,745,"RS",TRUE,5
"4746",0.173784017562866,0.558373769783245,-0.697648142805763,746,"RS",TRUE,5
"4747",NA,NA,NA,747,"RS",TRUE,5
"4748",NA,NA,NA,748,"RS",TRUE,5
"4749",NA,NA,NA,749,"RS",TRUE,5
"4750",NA,NA,NA,750,"RS",TRUE,5
"4751",NA,NA,NA,751,"RS",TRUE,5
"4752",NA,NA,NA,752,"RS",TRUE,5
"4753",NA,NA,NA,753,"RS",TRUE,5
"4754",NA,NA,NA,754,"RS",TRUE,5
"4755",NA,NA,NA,755,"RS",TRUE,5
"4756",NA,NA,NA,756,"RS",TRUE,5
"4757",0.176105976104736,0.595189657586891,-0.424590473134909,757,"RS",TRUE,5
"4758",NA,NA,NA,758,"RS",TRUE,5
"4759",0.176595687866211,1.01673217525622,-0.792531671261478,759,"RS",TRUE,5
"4760",NA,NA,NA,760,"RS",TRUE,5
"4761",0.177077531814575,1.77773767828644,-0.957753150270327,761,"RS",TRUE,5
"4762",0.177354097366333,0.598711038438294,-0.909665627538658,762,"RS",TRUE,5
"4763",NA,NA,NA,763,"RS",TRUE,5
"4764",NA,NA,NA,764,"RS",TRUE,5
"4765",NA,NA,NA,765,"RS",TRUE,5
"4766",NA,NA,NA,766,"RS",TRUE,5
"4767",NA,NA,NA,767,"RS",TRUE,5
"4768",NA,NA,NA,768,"RS",TRUE,5
"4769",NA,NA,NA,769,"RS",TRUE,5
"4770",0.179133415222168,1.01046125307366,-0.46279054255046,770,"RS",TRUE,5
"4771",NA,NA,NA,771,"RS",TRUE,5
"4772",NA,NA,NA,772,"RS",TRUE,5
"4773",NA,NA,NA,773,"RS",TRUE,5
"4774",0.18005895614624,2.1926525100644,-1.62830381205623,774,"RS",TRUE,5
"4775",NA,NA,NA,775,"RS",TRUE,5
"4776",0.180564641952515,1.20505069639639,-1.67909021989822,776,"RS",TRUE,5
"4777",NA,NA,NA,777,"RS",TRUE,5
"4778",NA,NA,NA,778,"RS",TRUE,5
"4779",NA,NA,NA,779,"RS",TRUE,5
"4780",NA,NA,NA,780,"RS",TRUE,5
"4781",0.181763887405396,0.824099667735617,-0.0175519479286616,781,"RS",TRUE,5
"4782",NA,NA,NA,782,"RS",TRUE,5
"4783",NA,NA,NA,783,"RS",TRUE,5
"4784",0.18248987197876,0.497313904659282,-0.660824756000114,784,"RS",TRUE,5
"4785",NA,NA,NA,785,"RS",TRUE,5
"4786",NA,NA,NA,786,"RS",TRUE,5
"4787",NA,NA,NA,787,"RS",TRUE,5
"4788",NA,NA,NA,788,"RS",TRUE,5
"4789",NA,NA,NA,789,"RS",TRUE,5
"4790",NA,NA,NA,790,"RS",TRUE,5
"4791",0.18406343460083,1.93336966846565,-0.528964269519593,791,"RS",TRUE,5
"4792",NA,NA,NA,792,"RS",TRUE,5
"4793",NA,NA,NA,793,"RS",TRUE,5
"4794",0.184766530990601,0.607408961661488,-0.410498139797682,794,"RS",TRUE,5
"4795",NA,NA,NA,795,"RS",TRUE,5
"4796",NA,NA,NA,796,"RS",TRUE,5
"4797",0.185478448867798,1.72511753994313,-1.71853230024966,797,"RS",TRUE,5
"4798",NA,NA,NA,798,"RS",TRUE,5
"4799",NA,NA,NA,799,"RS",TRUE,5
"4800",NA,NA,NA,800,"RS",TRUE,5
"4801",0.186364412307739,0.663095038328003,-0.270133193536312,801,"RS",TRUE,5
"4802",NA,NA,NA,802,"RS",TRUE,5
"4803",NA,NA,NA,803,"RS",TRUE,5
"4804",NA,NA,NA,804,"RS",TRUE,5
"4805",NA,NA,NA,805,"RS",TRUE,5
"4806",NA,NA,NA,806,"RS",TRUE,5
"4807",NA,NA,NA,807,"RS",TRUE,5
"4808",NA,NA,NA,808,"RS",TRUE,5
"4809",NA,NA,NA,809,"RS",TRUE,5
"4810",NA,NA,NA,810,"RS",TRUE,5
"4811",NA,NA,NA,811,"RS",TRUE,5
"4812",NA,NA,NA,812,"RS",TRUE,5
"4813",NA,NA,NA,813,"RS",TRUE,5
"4814",0.189135074615479,2.16996728384994,-2.17707111229733,814,"RS",TRUE,5
"4815",NA,NA,NA,815,"RS",TRUE,5
"4816",NA,NA,NA,816,"RS",TRUE,5
"4817",NA,NA,NA,817,"RS",TRUE,5
"4818",NA,NA,NA,818,"RS",TRUE,5
"4819",0.190233707427979,0.418859888782006,-0.208075720260568,819,"RS",TRUE,5
"4820",0.190502882003784,0.731750816550435,-0.59721996957327,820,"RS",TRUE,5
"4821",NA,NA,NA,821,"RS",TRUE,5
"4822",NA,NA,NA,822,"RS",TRUE,5
"4823",NA,NA,NA,823,"RS",TRUE,5
"4824",NA,NA,NA,824,"RS",TRUE,5
"4825",NA,NA,NA,825,"RS",TRUE,5
"4826",0.191821813583374,1.45574306357258,-1.65357788231066,826,"RS",TRUE,5
"4827",NA,NA,NA,827,"RS",TRUE,5
"4828",NA,NA,NA,828,"RS",TRUE,5
"4829",NA,NA,NA,829,"RS",TRUE,5
"4830",0.192717552185059,1.68970112369456,-0.55397758556964,830,"RS",TRUE,5
"4831",NA,NA,NA,831,"RS",TRUE,5
"4832",NA,NA,NA,832,"RS",TRUE,5
"4833",NA,NA,NA,833,"RS",TRUE,5
"4834",NA,NA,NA,834,"RS",TRUE,5
"4835",NA,NA,NA,835,"RS",TRUE,5
"4836",NA,NA,NA,836,"RS",TRUE,5
"4837",0.194222688674927,0.62910142488344,-0.0465054588997645,837,"RS",TRUE,5
"4838",NA,NA,NA,838,"RS",TRUE,5
"4839",0.194697141647339,0.943346204425529,-0.830328300109458,839,"RS",TRUE,5
"4840",NA,NA,NA,840,"RS",TRUE,5
"4841",NA,NA,NA,841,"RS",TRUE,5
"4842",0.195386409759521,1.23700381551158,-1.28864194911762,842,"RS",TRUE,5
"4843",0.195658445358276,0.8878066466529,-0.864834257739003,843,"RS",TRUE,5
"4844",NA,NA,NA,844,"RS",TRUE,5
"4845",NA,NA,NA,845,"RS",TRUE,5
"4846",NA,NA,NA,846,"RS",TRUE,5
"4847",NA,NA,NA,847,"RS",TRUE,5
"4848",NA,NA,NA,848,"RS",TRUE,5
"4849",NA,NA,NA,849,"RS",TRUE,5
"4850",NA,NA,NA,850,"RS",TRUE,5
"4851",0.197420597076416,0.476828077110311,-0.933303222730085,851,"RS",TRUE,5
"4852",NA,NA,NA,852,"RS",TRUE,5
"4853",0.197897434234619,0.645275493536131,-1.10281601443994,853,"RS",TRUE,5
"4854",0.198163270950317,0.695428339237864,-0.370370181532733,854,"RS",TRUE,5
"4855",0.198431491851807,1.33976782596573,-1.34978488956294,855,"RS",TRUE,5
"4856",NA,NA,NA,856,"RS",TRUE,5
"4857",NA,NA,NA,857,"RS",TRUE,5
"4858",NA,NA,NA,858,"RS",TRUE,5
"4859",NA,NA,NA,859,"RS",TRUE,5
"4860",NA,NA,NA,860,"RS",TRUE,5
"4861",NA,NA,NA,861,"RS",TRUE,5
"4862",0.199972629547119,0.57958893852402,-0.0962346583128153,862,"RS",TRUE,5
"4863",NA,NA,NA,863,"RS",TRUE,5
"4864",NA,NA,NA,864,"RS",TRUE,5
"4865",NA,NA,NA,865,"RS",TRUE,5
"4866",NA,NA,NA,866,"RS",TRUE,5
"4867",NA,NA,NA,867,"RS",TRUE,5
"4868",NA,NA,NA,868,"RS",TRUE,5
"4869",NA,NA,NA,869,"RS",TRUE,5
"4870",NA,NA,NA,870,"RS",TRUE,5
"4871",NA,NA,NA,871,"RS",TRUE,5
"4872",NA,NA,NA,872,"RS",TRUE,5
"4873",NA,NA,NA,873,"RS",TRUE,5
"4874",NA,NA,NA,874,"RS",TRUE,5
"4875",0.202779531478882,1.29489781166457,0.323259015966555,875,"RS",TRUE,5
"4876",NA,NA,NA,876,"RS",TRUE,5
"4877",NA,NA,NA,877,"RS",TRUE,5
"4878",NA,NA,NA,878,"RS",TRUE,5
"4879",NA,NA,NA,879,"RS",TRUE,5
"4880",0.203884124755859,0.297162469455653,-0.753672420795805,880,"RS",TRUE,5
"4881",NA,NA,NA,881,"RS",TRUE,5
"4882",NA,NA,NA,882,"RS",TRUE,5
"4883",0.204576253890991,1.5488201833426,-1.32152878315499,883,"RS",TRUE,5
"4884",NA,NA,NA,884,"RS",TRUE,5
"4885",NA,NA,NA,885,"RS",TRUE,5
"4886",NA,NA,NA,886,"RS",TRUE,5
"4887",NA,NA,NA,887,"RS",TRUE,5
"4888",0.205692291259766,1.63308956934092,0.17341235484399,888,"RS",TRUE,5
"4889",NA,NA,NA,889,"RS",TRUE,5
"4890",NA,NA,NA,890,"RS",TRUE,5
"4891",NA,NA,NA,891,"RS",TRUE,5
"4892",NA,NA,NA,892,"RS",TRUE,5
"4893",NA,NA,NA,893,"RS",TRUE,5
"4894",NA,NA,NA,894,"RS",TRUE,5
"4895",0.207212924957275,1.69717725846381,-1.36580283501737,895,"RS",TRUE,5
"4896",NA,NA,NA,896,"RS",TRUE,5
"4897",NA,NA,NA,897,"RS",TRUE,5
"4898",NA,NA,NA,898,"RS",TRUE,5
"4899",NA,NA,NA,899,"RS",TRUE,5
"4900",NA,NA,NA,900,"RS",TRUE,5
"4901",NA,NA,NA,901,"RS",TRUE,5
"4902",NA,NA,NA,902,"RS",TRUE,5
"4903",NA,NA,NA,903,"RS",TRUE,5
"4904",NA,NA,NA,904,"RS",TRUE,5
"4905",NA,NA,NA,905,"RS",TRUE,5
"4906",0.209588527679443,1.55612635373685,0.038538666707635,906,"RS",TRUE,5
"4907",NA,NA,NA,907,"RS",TRUE,5
"4908",NA,NA,NA,908,"RS",TRUE,5
"4909",NA,NA,NA,909,"RS",TRUE,5
"4910",0.210482120513916,0.552082103419311,0.13897211844522,910,"RS",TRUE,5
"4911",NA,NA,NA,911,"RS",TRUE,5
"4912",NA,NA,NA,912,"RS",TRUE,5
"4913",NA,NA,NA,913,"RS",TRUE,5
"4914",0.211370706558228,1.05663696249696,-0.181605052814041,914,"RS",TRUE,5
"4915",NA,NA,NA,915,"RS",TRUE,5
"4916",NA,NA,NA,916,"RS",TRUE,5
"4917",NA,NA,NA,917,"RS",TRUE,5
"4918",0.212275505065918,0.413500003138,-0.645351080760982,918,"RS",TRUE,5
"4919",NA,NA,NA,919,"RS",TRUE,5
"4920",NA,NA,NA,920,"RS",TRUE,5
"4921",NA,NA,NA,921,"RS",TRUE,5
"4922",0.213181018829346,0.660833409831698,-0.436629900987523,922,"RS",TRUE,5
"4923",NA,NA,NA,923,"RS",TRUE,5
"4924",NA,NA,NA,924,"RS",TRUE,5
"4925",NA,NA,NA,925,"RS",TRUE,5
"4926",NA,NA,NA,926,"RS",TRUE,5
"4927",NA,NA,NA,927,"RS",TRUE,5
"4928",NA,NA,NA,928,"RS",TRUE,5
"4929",NA,NA,NA,929,"RS",TRUE,5
"4930",NA,NA,NA,930,"RS",TRUE,5
"4931",NA,NA,NA,931,"RS",TRUE,5
"4932",NA,NA,NA,932,"RS",TRUE,5
"4933",NA,NA,NA,933,"RS",TRUE,5
"4934",NA,NA,NA,934,"RS",TRUE,5
"4935",NA,NA,NA,935,"RS",TRUE,5
"4936",NA,NA,NA,936,"RS",TRUE,5
"4937",NA,NA,NA,937,"RS",TRUE,5
"4938",0.216590881347656,0.848735950713575,-0.809053741790996,938,"RS",TRUE,5
"4939",NA,NA,NA,939,"RS",TRUE,5
"4940",NA,NA,NA,940,"RS",TRUE,5
"4941",NA,NA,NA,941,"RS",TRUE,5
"4942",0.217503547668457,1.21422983469847,0.0593101678174312,942,"RS",TRUE,5
"4943",NA,NA,NA,943,"RS",TRUE,5
"4944",0.21798300743103,0.247427400526926,-0.471314430554251,944,"RS",TRUE,5
"4945",NA,NA,NA,945,"RS",TRUE,5
"4946",NA,NA,NA,946,"RS",TRUE,5
"4947",NA,NA,NA,947,"RS",TRUE,5
"4948",NA,NA,NA,948,"RS",TRUE,5
"4949",NA,NA,NA,949,"RS",TRUE,5
"4950",NA,NA,NA,950,"RS",TRUE,5
"4951",NA,NA,NA,951,"RS",TRUE,5
"4952",NA,NA,NA,952,"RS",TRUE,5
"4953",NA,NA,NA,953,"RS",TRUE,5
"4954",NA,NA,NA,954,"RS",TRUE,5
"4955",NA,NA,NA,955,"RS",TRUE,5
"4956",NA,NA,NA,956,"RS",TRUE,5
"4957",NA,NA,NA,957,"RS",TRUE,5
"4958",0.220959424972534,1.30285033654911,0.17633881019242,958,"RS",TRUE,5
"4959",NA,NA,NA,959,"RS",TRUE,5
"4960",NA,NA,NA,960,"RS",TRUE,5
"4961",0.221651077270508,1.53891988699022,-0.140516778322308,961,"RS",TRUE,5
"4962",NA,NA,NA,962,"RS",TRUE,5
"4963",NA,NA,NA,963,"RS",TRUE,5
"4964",0.222341299057007,1.04378498303853,-1.04637910291936,964,"RS",TRUE,5
"4965",NA,NA,NA,965,"RS",TRUE,5
"4966",NA,NA,NA,966,"RS",TRUE,5
"4967",NA,NA,NA,967,"RS",TRUE,5
"4968",NA,NA,NA,968,"RS",TRUE,5
"4969",NA,NA,NA,969,"RS",TRUE,5
"4970",NA,NA,NA,970,"RS",TRUE,5
"4971",NA,NA,NA,971,"RS",TRUE,5
"4972",NA,NA,NA,972,"RS",TRUE,5
"4973",0.224273204803467,0.965893207516572,-0.645284505374128,973,"RS",TRUE,5
"4974",NA,NA,NA,974,"RS",TRUE,5
"4975",NA,NA,NA,975,"RS",TRUE,5
"4976",0.224961042404175,1.46849386373105,-0.469582445615972,976,"RS",TRUE,5
"4977",NA,NA,NA,977,"RS",TRUE,5
"4978",NA,NA,NA,978,"RS",TRUE,5
"4979",NA,NA,NA,979,"RS",TRUE,5
"4980",NA,NA,NA,980,"RS",TRUE,5
"4981",NA,NA,NA,981,"RS",TRUE,5
"4982",NA,NA,NA,982,"RS",TRUE,5
"4983",NA,NA,NA,983,"RS",TRUE,5
"4984",NA,NA,NA,984,"RS",TRUE,5
"4985",NA,NA,NA,985,"RS",TRUE,5
"4986",NA,NA,NA,986,"RS",TRUE,5
"4987",NA,NA,NA,987,"RS",TRUE,5
"4988",NA,NA,NA,988,"RS",TRUE,5
"4989",NA,NA,NA,989,"RS",TRUE,5
"4990",NA,NA,NA,990,"RS",TRUE,5
"4991",NA,NA,NA,991,"RS",TRUE,5
"4992",0.228356599807739,1.06549176977915,-0.0180471039069124,992,"RS",TRUE,5
"4993",NA,NA,NA,993,"RS",TRUE,5
"4994",0.228835582733154,0.395168737642014,-0.0877602075547396,994,"RS",TRUE,5
"4995",NA,NA,NA,995,"RS",TRUE,5
"4996",NA,NA,NA,996,"RS",TRUE,5
"4997",0.229539155960083,0.859211422656618,-1.31052692385141,997,"RS",TRUE,5
"4998",0.22980785369873,0.496012622213522,0.0191650402506193,998,"RS",TRUE,5
"4999",NA,NA,NA,999,"RS",TRUE,5
"5000",NA,NA,NA,1000,"RS",TRUE,5
